30 10000
0
8600
17147
26473
35243
42213
51535
60504
64457
68410
78237
85109
92461
94540
97511
103524
110698
117374
119790
122826
128889
134832
139585
142148
145588
151085
155414
160912
163866
165964
174745
181191
186949
189229
191969
196872
203293
208874
212315
217211
221675
225471
229662
235493
241140
246946
255177
258119
262171
265253
269748
275578
277915
280350
284910
290588
294771
295984
297758
305035
310223
315391
318409
322131
328412
332883
338296
342029
345139
350395
354166
358297
360170
361802
366439
370448
373904
375491
377543
382977
387219
393810
399416
406415
411426
417447
420127
424148
429155
433331
437067
438353
439771
443483
447659
452777
454719
456999
463356
469863
475690
480573
484052
491109
499435
507261
510091
513275
518896
522737
528457
530987
533858
540662
546484
551445
553153
555507
563406
569979
574267
580289
585659
590165
594892
598140
601952
605893
609582
613856
615409
617510
622207
628411
633154
636367
639040
648452
655075
663785
667969
671046
677214
684935
691672
694298
696724
702840
707750
714684
717270
720680
728616
734580
740984
745284
748497
753653
760111
769210
775548
782150
788589
792996
794939
797336
804580
814185
821072
824073
826685
833978
844499
851364
856029
860820
872333
880105
890684
896904
901394
910721
921575
932058
937270
940989
949825
960842
967724
971356
974089
983448
992838
1002608
1008458
1015328
1029539
1039655
1053117
1068425
1082095
1097305
1108693
1113227
1118312
1131389
1147322
1166907
1175109
1181883
1197226
1211438
1223585
1229074
1233889
1240680
1249836
1257960
1263131
1267121
1275892
1286565
1298471
1302372
1306655
1313670
1324157
1330807
1334814
1339355
1351001
1359036
1374073
1380676
1387095
1396359
1404053
1410241
1417156
1422741
1429583
1437162
1439607
1442338
1447720
1455426
1464110
1467868
1471002
1481999
1489548
1497365
1503229
1507810
1516967
1523367
1529742
1532462
1534280
1539731
1544428
1548746
1551782
1554301
1561793
1570582
1575382
1579359
1582029
1590103
1597818
1610622
1614720
1619343
1626528
1634969
1641634
1646526
1653932
1660659
1667254
1669998
1672852
1679349
1685676
1691594
1694141
1696632
1704409
1713968
1721015
1723749
1726707
1734633
1740006
1746802
1749776
1753180
1757689
1764081
1767878
1769797
1772304
1777921
1785090
1794204
1798071
1801680
1806545
1811889
1818345
1822833
1826986
1831767
1835568
1841268
1846793
1853974
1858924
1865434
1867974
1871736
1875830
1879091
1882020
1883786
1886144
1890183
1895704
1899470
1901203
1902520
1907908
1913901
1919767
1922337
1926012
1931061
1934554
1940795
1942923
1945343
1950975
1958952
1967874
1972254
1975174
1981321
1987065
1991900
1995119
1999074
2002191
2006693
2009745
2013246
2017297
2022355
2026956
2028869
2030723
2035756
2040953
2044807
2047560
2049992
2055188
2061336
2069987
2073504
2077988
2084378
2089258
2095239
2098039
2100632
2105049
2111479
2118962
2123305
2127589
2133522
2138401
2146551
2149234
2152505
2163086
2171229
2180000
2182997
2186218
2190347
2195634
2200495
2203899
2209859
2215692
2219168
2221433
2223815
2227376
2230313
2234691
2236835
2238695
2243101
2248875
2254861
2257228
2259157
2265721
2274945
2280236
2283884
2286345
2295691
2303096
2311617
2314598
2317634
2321551
2326861
2332466
2336232
2339713
2347062
2353493
2360659
2363015
2365963
2377029
2388046
2399583
2408650
2414301
2421094
2428445
2433375
2439332
2445706
2454244
2464625
2468250
2472876
2481145
2490893
2498616
2502730
2505796
2516187
2525288
2531454
2536362
2539980
2545575
2553163
2562977
2567070
2571014
2579768
2586889
2592833
2597349
2600421
2607743
2615684
2623132
2626823
2631615
2635939
2639659
2643238
2648407
2652629
2656616
2661172
2662982
2665647
2670641
2674532
2678657
2680444
2681985
2685792
2690004
2694028
2696429
2698339
2702142
2707174
2710402
2712176
2713539
2716036
2718689
2723049
2724458
2726277
2728139
2730641
2733976
2735590
2736851
2740058
2744600
2747048
2748434
2750202
2754858
2758483
2763120
2769053
2772246
2774396
2777725
2780059
2781786
2785050
2789673
2793817
2796625
2799571
2805476
2813177
2819129
2821286
2823387
2828909
2835551
2843154
2846766
2851762
2857319
2862082
2868089
2870079
2872281
2877305
2882163
2885945
2887666
2890055
2895251
2900388
2904401
2906487
2909425
2915478
2922839
2928602
2932873
2942041
2952809
2960246
2963391
2967060
2970327
2974757
2979373
2981834
2983897
2990935
2997653
3003323
3005715
3007525
3012275
3015630
3019075
3020114
3021454
3024909
3029506
3033034
3034300
3035922
3041861
3048016
3051733
3053868
3056578
3060202
3063442
3069135
3071127
3073099
3076741
3080755
3086079
3090748
3094882
3099345
3104163
3105913
3107398
3109925
3112580
3114757
3116367
3117716
3121026
3125009
3127905
3129241
3130604
3134264
3139112
3143592
3145598
3147905
3150738
3153224
3156712
3158140
3159926
3165587
3170427
3176123
3178975
3181245
3185337
3190298
3194406
3196251
3198446
3202312
3208052
3212718
3219383
3226413
3232169
3236545
3239323
3241960
3245068
3249063
3254316
3257309
3259655
3264418
3267596
3271111
3274151
3276233
3282928
3288939
3294756
3297299
3299403
3305294
3310452
3313813
3315601
3318020
3323531
3328410
3333492
3335376
3338000
3344553
3352075
3359311
3362569
3366990
3372941
3379261
3386283
3391756
3399823
3405560
3413216
3418384
3422293
3427565
3431548
3436863
3438492
3440891
3445185
3450252
3455248
3458825
3462569
3472261
3479271
3488727
3496382
3501525
3510031
3517741
3525489
3529919
3533909
3541667
3551442
3561188
3565593
3568670
3575439
3581174
3588462
3592402
3597787
3601308
3604957
3609337
3615119
3620464
3626076
3632307
3634624
3637767
3642550
3646569
3652331
3655237
3657203
3662720
3670661
3676299
3679971
3683847
3687603
3692439
3697621
3699781
3702554
3706264
3708805
3713163
3714833
3717221
3720355
3723026
3727214
3729446
3731228
3735535
3738638
3742050
3743534
3744785
3748187
3752200
3754753
3757969
3761577
3766734
3772126
3774505
3776599
3779760
3782704
3786266
3788051
3789922
3794103
3797643
3801327
3803505
3805465
3811474
3817946
3822420
3824561
3826420
3829227
3832750
3837018
3839626
3842022
3844145
3846771
3849101
3850693
3852316
3855377
3859526
3863476
3865231
3867589
3871251
3876248
3880480
3886456
3893448
3901278
3906886
3910748
3914097
3921393
3926808
3932447
3934980
3938600
3942346
3945478
3950602
3953286
3955198
3963747
3971274
3978719
3981504
3984000
3989602
3994858
4001786
4004767
4007348
4013371
4019707
4024817
4027014
4029600
4038444
4045183
4052162
4057139
4062477
4071033
4080976
4089702
4097206
4104087
4113535
4124646
4129575
4134545
4140455
4147552
4155681
4159024
4162035
4168932
4173823
4180390
4183642
4185820
4193284
4199035
4206552
4211641
4217582
4223272
4230058
4236143
4238647
4241725
4250188
4256791
4265531
4269114
4272304
4283047
4290420
4303211
4310580
4316504
4321595
4325908
4330654
4336778
4340386
4342877
4346498
4348891
4350547
4354817
4358955
4363828
4367036
4370604
4373932
4378785
4382960
4384953
4386419
4391909
4398487
4405122
4408186
4411972
4417167
4423756
4428470
4430300
4432905
4436405
4440222
4444172
4446858
4449371
4455082
4459223
4462843
4464150
4465996
4469051
4472820
4476754
4481180
4484727
4489842
4492849
4494629
4496226
4501113
4504944
4509142
4511664
4514317
4518972
4524308
4528465
4531959
4534594
4538933
4542540
4546098
4548026
4550079
4555706
4562141
4567310
4569752
4571598
4577529
4586074
4591880
4593811
4595863
4601773
4608550
4615376
4617923
4620114
4628942
4637961
4645704
4651084
4663758
4673542
4684063
4688291
4692055
4701337
4709827
4715560
4718802
4722806
4728892
4733136
4739497
4742693
4745816
4750253
4755289
4761048
4763345
4766554
4771299
4774468
4779854
4783516
4786111
4793406
4799996
4805370
4808540
4812044
4820867
4831417
4837285
4841181
4845630
4852426
4857712
4864476
4872418
4881223
4889603
4896547
4898708
4901349
4907156
4913475
4918093
4921331
4924817
4930811
4936353
4944859
4948122
4952298
4958243
4965255
4970393
4973417
4976714
4983984
4991455
5001053
5005819
5012966
5023569
5035033
5047577
5052610
5058309
5064455
5073631
5083014
5088668
5096559
5101028
5104698
5107881
5111991
5116856
5121088
5126947
5128887
5131768
5140481
5149431
5155700
5158528
5161461
5168128
5173116
5177336
5179134
5181486
5186972
5194173
5199824
5202360
5204207
5207997
5211849
5215585
5217923
5220164
5227727
5236114
5242538
5244646
5247032
5254100
5260272
5266641
5270812
5275656
5281560
5290056
5295663
5300806
5305685
5310749
5315885
5318573
5321694
5331087
5337397
5349732
5354101
5359591
5365353
5371020
5378597
5382482
5386715
5394591
5404910
5411699
5415396
5419402
5427982
5437652
5445687
5448858
5452793
5461364
5469281
5477316
5482792
5488948
5501863
5514096
5522291
5527819
5533496
5541854
5549356
5556266
5562131
5575835
5587312
5594454
5599539
5604628
5616858
5625727
5634546
5638226
5641514
5652130
5667084
5680595
5689165
5695447
5707861
5717645
5727835
5733402
5739947
5752986
5765537
5783707
5789281
5795993
5803958
5815263
5825138
5831308
5836515
5852987
5868260
5880946
5885817
5890956
5902590
5910437
5917612
5923979
5929824
5934446
5942045
5944850
5948753
5959708
5970352
5978909
5983820
5987552
5995979
6003204
6012326
6017890
6025526
6032644
6039322
6047022
6051188
6055959
6067631
6076141
6087142
6094763
6101102
6108096
6115303
6121172
6123646
6127160
6133476
6141248
6146479
6149677
6153277
6163274
6170820
6176903
6184438
6194726
6206416
6214930
6218955
6224419
6232026
6238488
6245950
6249574
6253398
6259599
6266032
6275369
6279145
6284498
6292874
6300464
6308379
6312491
6315866
6320075
6325894
6332376
6335651
6340277
6349136
6356491
6362682
6366819
6371488
6377980
6387390
6395106
6398519
6401069
6407915
6413107
6416761
6418846
6421429
6427470
6431688
6436018
6438448
6441284
6446391
6449893
6454381
6457421
6459602
6462486
6466321
6470266
6473254
6475927
6481737
6486424
6492005
6494497
6497441
6507516
6514593
6522148
6525165
6529603
6535994
6543468
6553648
6556869
6561102
6565736
6571593
6578408
6580713
6583926
6588601
6593353
6599097
6603802
6610633
6615781
6619927
6622139
6624889
6630179
6637000
6641675
6644109
6646746
6655222
6664973
6672111
6675196
6677338
6680694
6683727
6688332
6690341
6693173
6698126
6702583
6709647
6712563
6715902
6722997
6729221
6737956
6741127
6745015
6751071
6755824
6762686
6764665
6767512
6772927
6777461
6780902
6786001
6791476
6796618
6802257
6805363
6809826
6813694
6817303
6820784
6822599
6824981
6831820
6836766
6841729
6844553
6847538
6850574
6854910
6859227
6861729
6864119
6868958
6875825
6879972
6881526
6883751
6887144
6892110
6897773
6901053
6903902
6908500
6911909
6915452
6916504
6917959
6922246
6928260
6936231
6943236
6949116
6953690
6958032
6960987
6964358
6968967
6973816
6979801
6982714
6985216
6988615
6992622
6998358
7000738
7002807
7008923
7014436
7018570
7022083
7024670
7030449
7035123
7040653
7042371
7044709
7050383
7057303
7066197
7070961
7074341
7081493
7088964
7097657
7101551
7104534
7109989
7116270
7122968
7130471
7139091
7146850
7155585
7161119
7166068
7170910
7176094
7183138
7186830
7189557
7196570
7201905
7205760
7207755
7210641
7215470
7222649
7230700
7233560
7236323
7241612
7249188
7254130
7256592
7259491
7271655
7280773
7287548
7292316
7297090
7305327
7314335
7322881
7325712
7328633
7336086
7343845
7349840
7358052
7365917
7372434
7378607
7381898
7384306
7394037
7401456
7414189
7419457
7424162
7431273
7441186
7449754
7455126
7459679
7467495
7473117
7478851
7481822
7485209
7495152
7505849
7514098
7518874
7523000
7531607
7541633
7548976
7551981
7555665
7560554
7565358
7571201
7575008
7578358
7584407
7590813
7596559
7603204
7610812
7618631
7625017
7630133
7634019
7640370
7648603
7656200
7660614
7666778
7671123
7677045
7684629
7687378
7690132
7693887
7697160
7700327
7702730
7704894
7710858
7716868
7721875
7724557
7726532
7733387
7740445
7745649
7748077
7750751
7755590
7759881
7765046
7768209
7770413
7774451
7778118
7782294
7786340
7789498
7793182
7795041
7796335
7797781
7800851
7804017
7807926
7810329
7813084
7817900
7822075
7826541
7828874
7831007
7837840
7843469
7847078
7850090
7852436
7856505
7862545
7867613
7869920
7871839
7876292
7880878
7884872
7886376
7888197
7892770
7899471
7904757
7907788
7911341
7918092
7923313
7929825
7934284
7939528
7945210
7951240
7955049
7959474
7964757
7972080
7976384
7978902
7981498
7985859
7991543
7994811
7996752
7999445
8006753
8011748
8016454
8018432
8020448
8025822
8032104
8037002
8040327
8043533
8047712
8051058
8055717
8058464
8060865
8064437
8067550
8071139
8073843
8075734
8088749
8101343
8113149
8126370
8143030
8158192
8171391
8176830
8181390
8195214
8208630
8216939
8222071
8228009
8239420
8247676
8253587
8257312
8261893
8270585
8280377
8288650
8291411
8295401
8302497
8311578
8321512
8326952
8333624
8344318
8354661
8362752
8369337
8374038
8378485
8385119
8394466
8398138
8401222
8410663
8424163
8433858
8442129
8449141
8455138
8461609
8465278
8470341
8481834
8494435
8504558
8509156
8515096
8522606
8531674
8538895
8542081
8545098
8555971
8565407
8572088
8575782
8580792
8587881
8597076
8603708
8606148
8609340
8619214
8625819
8634317
8637528
8641104
8648288
8657460
8667946
8671551
8676743
8683009
8688953
8694813
8699585
8705358
8711481
8716635
8720731
8723644
8727642
8732901
8736973
8739326
8741539
8744908
8748244
8752823
8755642
8757680
8763796
8768024
8773261
8775384
8777761
8782880
8789306
8792486
8794963
8797181
8802446
8809226
8814890
8818480
8820988
8827664
8832653
8836472
8839012
8840708
8849515
8859990
8868227
8877973
8888984
8902466
8910025
8916565
8921117
8926459
8932696
8939402
8943486
8946594
8955010
8963810
8972865
8976039
8980500
8986717
8990911
8998137
9001003
9003459
9009912
9017928
9023944
9027018
9029471
9038489
9045932
9051015
9054074
9058518
9063838
9070276
9076399
9079409
9081938
9087847
9094150
9102618
9111378
9120812
9130216
9138246
9141790
9145709
9152101
9158020
9163327
9166593
9170275
9175735
9180725
9184457
9186660
9188843
9196524
9205728
9210381
9214181
9217352
9224124
9234055
9244431
9252632
9258341
9266555
9274981
9282409
9288019
9291844
9301432
9311150
9319951
9324325
9330316
9339371
9346616
9356506
9364833
9379239
9388871
9400322
9408255
9415504
9426749
9436401
9443725
9448239
9453363
9460945
9470202
9478835
9485333
9490176
9501867
9510443
9522004
9526856
9532426
9538869
9548394
9557610
9562455
9566144
9576413
9585739
9591618
9594925
9599726
9613672
9626066
9634555
9641999
9647202
9658799
9666651
9677234
9689494
9698643
9706148
9716726
9720770
9724094
9729015
9733771
9741799
9744340
9747332
9754609
9764125
9769674
9773217
9775935
9782683
9789117
9795182
9797295
9799325
9805654
9813604
9822228
9826912
9831992
9844162
9855171
9863989
9867380
9871430
9880062
9890946
9898603
9902105
9905312
9911311
9918028
9923305
9925841
9928528
9937027
9947165
9954038
9957198
9961833
9968155
9975718
9984155
9989457
9995329
10010750
10021685
10033481
10038551
10042218
10054668
10065601
10078834
10084582
10088423
10102089
10111966
10121397
10127131
10131674
10145499
10155547
10163126
10166700
10171975
10180729
10188184
10193205
10196413
10200591
10205258
10212179
10216912
10221048
10227512
10236674
10242100
10245021
10248769
10253130
10257570
10260948
10262648
10264794
10268577
10272886
10278426
10281903
10284654
10292201
10297242
10304921
10309768
10315912
10322663
10327563
10332758
10335448
10337277
10341648
10345395
10350969
10354074
10356414
10361873
10367697
10373641
10376168
10378415
10382322
10386291
10392181
10396389
10401507
10408030
10413679
10416377
10418546
10423568
10431074
10438196
10440909
10443129
10450774
10458024
10464321
10466400
10469488
10472922
10476595
10481403
10484292
10486478
10489458
10493163
10496180
10498522
10500228
10504141
10507559
10512928
10515854
10518159
10524696
10529742
10534495
10537583
10541304
10544888
10548861
10552300
10555813
10560994
10567093
10571420
10573245
10575926
10579767
10583573
10587264
10589409
10591255
10596600
10600960
10605055
10607445
10609203
10612144
10614419
10616577
10617321
10618357
10621690
10624678
10627090
10628261
10629317
10632364
10636293
10641366
10643667
10646278
10648977
10651927
10655004
10656396
10657646
10661077
10665906
10669180
10672889
10677688
10681157
10684882
10687592
10689645
10696834
10701914
10707891
10710368
10712557
10716941
10722019
10727258
10730136
10733940
10738196
10742677
10745891
10747779
10750543
10755867
10759539
10763374
10765282
10766780
10771772
10775689
10778698
10780818
10782332
10785233
10789017
10791937
10793254
10794940
10797342
10800073
10803287
10806625
10810426
10813788
10817190
10819355
10820878
10825403
10828754
10833185
10834664
10836297
10839994
10843413
10846163
10847313
10848303
10851974
10856659
10860169
10861277
10862765
10867339
10871133
10875943
10877998
10880804
10888649
10894124
10899686
10901536
10903600
10909180
10914719
10918264
10920007
10922214
10926412
10930687
10934114
10938728
10941817
10945768
10949918
10951768
10954129
10956861
10960119
10964954
10966776
10968189
10972839
10976474
10981057
10982783
10985351
10987842
10991198
10993741
10995289
10996858
11000209
11003366
11006216
11008046
11009474
11011536
11014305
11016687
11018016
11019134
11021914
11025902
11027901
11029188
11030622
11035827
11041874
11047776
11056132
11061263
11064774
11069603
11071812
11074607
11080387
11086446
11092536
11094663
11096947
11104472
11109719
11114795
11116803
11119458
11126253
11130856
11137642
11141394
11146767
11154281
11159784
11166409
11169729
11172749
11175965
11179953
11184888
11187333
11189735
11194699
11199228
11204298
11207332
11210449
11213706
11217583
11219816
11222451
11225320
11229290
11233340
11235551
11237282
11242363
11246421
11251612
11253065
11255223
11258558
11263214
11267258
11269806
11271765
11277388
11283879
11288652
11291144
11292911
11298175
11302076
11306835
11309334
11311982
11316732
11320158
11324025
11325652
11326917
11333330
11338570
11342796
11345985
11348432
11356123
11361530
11369215
11375857
11383643
11394174
11403198
11409961
11416294
11423335
11432724
11437416
11441280
11444126
11447958
11453310
11459701
11461624
11463971
11471908
11477660
11486021
11489640
11493473
11501747
11509591
11516670
11522410
11526804
11532354
11536311
11543372
11545870
11548380
11554610
11561232
11568599
11571773
11575272
11580118
11585589
11592182
11597061
11604961
11612496
11618205
11622688
11626149
11632470
11639772
11647344
11650652
11655495
11660574
11664298
11669775
11673063
11676563
11680282
11684957
11690056
11692157
11694255
11699721
11704527
11708557
11710599
11712004
11716993
11724288
11728536
11732022
11734358
11741746
11747748
11753369
11757274
11760955
11764316
11768560
11773117
11779047
11782272
11785080
11788157
11790160
11792040
11795696
11799825
11805259
11807500
11809181
11813301
11817936
11824425
11827148
11830246
11835570
11841301
11846212
11849313
11851586
11856922
11863860
11870460
11873250
11875139
11881132
11885840
11888753
11890893
11893005
11896924
11900797
11904526
11906576
11908031
11912873
11917111
11921298
11927522
11930523
11934631
11939791
11941660
11943398
11946332
11950153
11953315
11955280
11957823
11961588
11965493
11969455
11971621
11973175
11976956
11981617
11985718
11988141
11990207
11994301
11997754
12003455
12005524
12007702
12010336
12014075
12017174
12018595
12020285
12023770
12028395
12034627
12037238
12039138
12044386
12050843
12054650
12059974
12063971
12067819
12071031
12073726
12075545
12079520
12084285
12088878
12090961
12093178
12100650
12106256
12111379
12114157
12116788
12123958
12129038
12133259
12136158
12138814
12147768
12156669
12162839
12166995
12171558
12174809
12179137
12183361
12185521
12187125
12191497
12197117
12202264
12205298
12209569
12215487
12223891
12230232
12236495
12243320
12248372
12255775
12260443
12265425
12272074
12279103
12285471
12288637
12292080
12297754
12302813
12307673
12310216
12313325
12321100
12329416
12335782
12338752
12341400
12349462
12355804
12359969
12362743
12365689
12371328
12379024
12384555
12386109
12388315
12392713
12396815
12403981
12406580
12409198
12415092
12420209
12425949
12429994
12434127
12438267
12442739
12444295
12445754
12452352
12457363
12462606
12465054
12467611
12472609
12477425
12483227
12484938
12487364
12491847
12497958
12502681
12504609
12506564
12510488
12515433
12519916
12521329
12523189
12526246
12530774
12533004
12534376
12535900
12538523
12542131
12545424
12547112
12548408
12553641
12560543
12565974
12568639
12570633
12574995
12581493
12586294
12588781
12591623
12596201
12600458
12605600
12607323
12609532
12614512
12620511
12627186
12630972
12633919
12640873
12647480
12652229
12654664
12657409
12665967
12674093
12680474
12683604
12685846
12690789
12695643
12700139
12702493
12704826
12709693
12716149
12720051
12723155
12725385
12735734
12743201
12755053
12763509
12777304
12790051
12802223
12808754
12815008
12826823
12837265
12847237
12852602
12858886
12871256
12885007
12897279
12905939
12912496
12923503
12932371
12939560
12944093
12948343
12957183
12966480
12972762
12976544
12981895
12989235
12995661
13004821
13009341
13015240
13024762
13033407
13048215
13052470
13058662
13065110
13074459
13082617
13094270
13103858
13117346
13126275
13130639
13133910
13145031
13156809
13163452
13168165
13172598
13179852
13186210
13196359
13199723
13203592
13216427
13226787
13236153
13239602
13244599
13251538
13259745
13267217
13271089
13273973
13279526
13284288
13288756
13291989
13294993
13304737
13312614
13318276
13321037
13324599
13328792
13334521
13339165
13345053
13353505
13359167
13363667
13367170
13369822
13375877
13384164
13388888
13392500
13395475
13403230
13410761
13416322
13420248
13423247
13428509
13435371
13440051
13443614
13446398
13455004
13462992
13469092
13472089
13474181
13484387
13494388
13505818
13512228
13517527
13524218
13532546
13540389
13543924
13547401
13558984
13566765
13575700
13583419
13593353
13600192
13611522
13616979
13625121
13634321
13643470
13653937
13657695
13661164
13670247
13679216
13690697
13694618
13698630
13704921
13714139
13718626
13721233
13724927
13730757
13739038
13747526
13752808
13756573
13763318
13772410
13777261
13780926
13783372
13793864
13804684
13811788
13816830
13821408
13829023
13834441
13841478
13850356
13860264
13874881
13883670
13887340
13891234
13904024
13913810
13922366
13925244
13928888
13938955
13947109
13955798
13961505
13968816
13981044
13993371
14007337
14013065
14019076
14028725
14035328
14046172
14052712
14057997
14071374
14081191
14092119
14099656
14107329
14120657
14130034
14138809
14146426
14151663
14158948
14169833
14179646
14193986
14202896
14216162
14227626
14233324
14238354
14248629
14257571
14268716
14277786
14284121
14291956
14300806
14308280
14311662
14315665
14322801
14331685
14337806
14341472
14344259
14350640
14357818
14369325
14374059
14377316
14384455
14389500
14399906
14403653
14407587
14414822
14424401
14432472
14437152
14441229
14449396
14457088
14466897
14475767
14489807
14500466
14511017
14514476
14518995
14526275
14535469
14541028
14545252
14548625
14556972
14564077
14569778
14573721
14576740
14583586
14588546
14593068
14595027
14596921
14602349
14610262
14619273
14622805
14625687
14634819
14642255
14648920
14653747
14657208
14662896
14667331
14672228
14675465
14679356
14686035
14693615
14697868
14703691
14710045
14719256
14724537
14727483
14730180
14736500
14745421
14750361
14754311
14757503
14763395
14769783
14777628
14782218
14787719
14793721
14797762
14802664
14805279
14807914
14812842
14817804
14823559
14828121
14831225
14837807
14845330
14850237
14853464
14856010
14862709
14872357
14880143
14883297
14886234
14895035
14902858
14908542
14915556
14921287
14926153
14931376
14933609
14936155
14944075
14950593
14959268
14962701
14967560
14975476
14984486
14991440
14997346
15001553
15010144
15018142
15023733
15027358
15029965
15036407
15045205
15055706
15061402
15067896
15074368
15083635
15094444
15098264
15103630
15114228
15128015
15136463
15140935
15147246
15156146
15163338
15172219
15179156
15184597
15189977
15197175
15202220
15205891
15210969
15216540
15222057
15225344
15229217
15236714
15241878
15250040
15254583
15259243
15266861
15274602
15283279
15285787
15289373
15295354
15301887
15309196
15314868
15319708
15326811
15333780
15342406
15347640
15353321
15360655
15369503
15379119
15384727
15391267
15407576
15418996
15430010
15440685
15448875
15456872
15466308
15471497
15478201
15485519
15491357
15499921
15503873
15508651
15517858
15528581
15538007
15544043
15548481
15558139
15567191
15575126
15578488
15582926
15590065
15599098
15603641
15607394
15610275
15616111
15624086
15632732
15636754
15639735
15650385
15660343
15667861
15674101
15679120
15689165
15696386
15702554
15711319
15716657
15723230
15729265
15732896
15737286
15746351
15753996
15760777
15764500
15769602
15783434
15793074
15802445
15806618
15811077
15818862
15827034
15835201
15842134
15846765
15851831
15858883
15865563
15869436
15874063
15881431
15890639
15899634
15903825
15908748
15917427
15925506
15935842
15942446
15948587
15954179
15959671
15964478
15969895
15974402
15980309
15985600
15987927
15991139
15999005
16004461
16009336
16012486
16015341
16019895
16025790
16031753
16034100
16037317
16041505
16045994
16050879
16053039
16055278
16060985
16066566
16072260
16074774
16077932
16083331
16090147
16095609
16097686
16100402
16104011
16109225
16113441
16116474
16118622
16123080
16128358
16135731
16141093
16145158
16149975
16155731
16157987
16159683
16166228
16173824
16179212
16181328
16183874
16191664
16197962
16203951
16207655
16210392
16217670
16225460
16230373
16233187
16236735
16241163
16246663
16250669
16252536
16254938
16258096
16262720
16267525
16269345
16271185
16274938
16277445
16281957
16284660
16286821
16296262
16302600
16310455
16322033
16329412
16336142
16342423
16346419
16351549
16357402
16363071
16369134
16373021
16376179
16382035
16387220
16391494
16393828
16396359
16405550
16412831
16418058
16421970
16424732
16434310
16446520
16456184
16459635
16462805
16470644
16480375
16487720
16491755
16494803
16500599
16506813
16512585
16515147
16517644
16522966
16526621
16533269
16536536
16538904
16545428
16552101
16556973
16560094
16563686
16571981
16579005
16584624
16588673
16592240
16601187
16609958
16616504
16619867
16622591
16627068
16632355
16636502
16637807
16639443
16645122
16652041
16656039
16659095
16661408
16668273
16673670
16678757
16681321
16683279
16689400
16695619
16702814
16705795
16708200
16713657
16718364
16721742
16725990
16730727
16736604
16741391
16743958
16746362
16749737
16754029
16757872
16760048
16762514
16765658
16769236
16771781
16773154
16774411
16777651
16781678
16785912
16789067
16791730
16796082
16799767
16804800
16806793
16808252
16813418
16818300
16822108
16823979
16826610
16833844
16840522
16846792
16850873
16853830
16862031
16868694
16873661
16878684
16884507
16892008
16898361
16901838
16904213
16914408
16921519
16927024
16930507
16934879
16940587
16945201
16950881
16953836
16957083
16960905
16966211
16971463
16974671
16979227
16986800
16996324
17002510
17005219
17007953
17012915
17019533
17024552
17026056
17028301
17033019
17037552
17043544
17045998
17049578
17052394
17055438
17058082
17060783
17062961
17064697
17067088
17068654
17070267
17073575
17076708
17078996
17080229
17081269
17085561
17088918
17092015
17093276
17094666
17098869
17102165
17105445
17106679
17107882
17110636
17114464
17118348
17119545
17121338
17125271
17128726
17133508
17135306
17137265
17143397
17149548
17153996
17156559
17158802
17165831
17170722
17176353
17180617
17188438
17194313
17198533
17202038
17204460
17209033
17215318
17220502
17222153
17224044
17228249
17231927
17238176
17241183
17243265
17249591
17254400
17258004
17259893
17262061
17266524
17269847
17273115
17274763
17276069
17280404
17283568
17287370
17290655
17293007
17298895
17303782
17311883
17315398
17317762
17322268
17326858
17333665
17339775
17344964
17350157
17358076
17360425
17363403
17366499
17370801
17374325
17375874
17377732
17382353
17387599
17391302
17392717
17394694
17399316
17402875
17406114
17407987
17410036
17412197
17414961
17417954
17419595
17421429
17424267
17426422
17429416
17431360
17432822
17436085
17438809
17442838
17444842
17447168
17451990
17458161
17462336
17468480
17474900
17482818
17488996
17493054
17496237
17502089
17506072
17510911
17513263
17515491
17519260
17523459
17530365
17533199
17535362
17539579
17543207
17546936
17548778
17551120
17554514
17557378
17560690
17563077
17565255
17571310
17576928
17583988
17587107
17590699
17595967
17600055
17604454
17606522
17608503
17614475
17622014
17627379
17634861
17641000
17645394
17650359
17652292
17654908
17659138
17663553
17666996
17668726
17670489
17675484
17679326
17682389
17684284
17686105
17693144
17697889
17702271
17705037
17708776
17713193
17719343
17723728
17725812
17727677
17735378
17742002
17747909
17750953
17752996
17759370
17765228
17770611
17772372
17774792
17779754
17784568
17790409
17798610
17803239
17806338
17812193
17814704
17817319
17824853
17830173
17835338
17838317
17842588
17851571
17859228
17869384
17875517
17879968
17886053
17892977
17897673
17901756
17904549
17910094
17915732
17920035
17922576
17925964
17930016
17933082
17936551
17938162
17939829
17943526
17947814
17954279
17957212
17959338
17966588
17972341
17982390
17990323
18000912
18008873
18019811
18023782
18028555
18034257
18042238
18050609
18054442
18057599
18062616
18068228
18073729
18077698
18081414
18087551
18095461
18101394
18105029
18107830
18115887
18121801
18130254
18134968
18141682
18154443
18164955
18174872
18178720
18182771
18195829
18209704
18219343
18224494
18227992
18237814
18245286
18251588
18258169
18261703
18266616
18273557
18276306
18278320
18284738
18290226
18298770
18302471
18305082
18313233
18319090
18330580
18334136
18338349
18344144
18352012
18357873
18360731
18365011
18374474
18384530
18391878
18395101
18397997
18404450
18411637
18421595
18424683
18429180
18439580
18448967
18455325
18459109
18464026
18468218
18474170
18479524
18484091
18489786
18493879
18499992
18502788
18504815
18509197
18513165
18516869
18519095
18521753
18527203
18533780
18541473
18544364
18546661
18557126
18565590
18573121
18577110
18581496
18587635
18592171
18597746
18602224
18605920
18612956
18621967
18629717
18633743
18637651
18644557
18653019
18660944
18664405
18668395
18671361
18674946
18678135
18681107
18685798
18688975
18693144
18694888
18696845
18701304
18705525
18711238
18712971
18715317
18720731
18726180
18729557
18731355
18733974
18736903
18741087
18746029
18748277
18751574
18756358
18763047
18766794
18769071
18770818
18776590
18783919
18789229
18791091
18793870
18800353
18805371
18809696
18811385
18813160
18817535
18823568
18830254
18837657
18840868
18845641
18851405
18854317
18856438
18861912
18869346
18875346
18877405
18880324
18889987
18897491
18905412
18908776
18911554
18919757
18927669
18934195
18936925
18940015
18946329
18955325
18965644
18969594
18973805
18980146
18986326
18992535
18995722
18999035
19010409
19018387
19026016
19028827
19032334
19037102
19043686
19051273
19060486
19067190
19075066
19082058
19085956
19089854
19094246
19098770
19103409
19106260
19108990
19114230
19119956
19126198
19128100
19130715
19135227
19141809
19144862
19147515
19149397
19155427
19159910
19167886
19170841
19174533
19182644
19189154
19195318
19198888
19203015
19211753
19218978
19226423
19229987
19232723
19239734
19245420
19252986
19260217
19267131
19272387
19276538
19279199
19281356
19292898
19303785
19313217
19317055
19320251
19327558
19333121
19342438
19347844
19352006
19356217
19360156
19363934
19366149
19369006
19376941
19383802
19389245
19391438
19394327
19406252
19415559
19422003
19425852
19429833
19433896
19439991
19446990
19450328
19455198
19463426
19474039
19479925
19483885
19487729
19498508
19508213
19516794
19523240
19527556
19534699
19540276
19546202
19549153
19553436
19560270
19565753
19570386
19572710
19576053
19587326
19597078
19603675
19607892
19611254
19620603
19627064
19633633
19638827
19642552
19650127
19658593
19667456
19672084
19677392
19687845
19695226
19702672
19707187
19712547
19725670
19739735
19759370
19773328
19790667
19802241
19814727
19818574
19823214
19832637
19844244
19852826
19858305
19863081
19872726
19882513
19893793
19899620
19908360
19916641
19922595
19931047
19936519
19940837
19951963
19960101
19968983
19975511
19980931
19986156
19992303
20001689
20006090
20009043
20019649
20027412
20035018
20038663
20041973
20046143
20051269
20057089
20062329
20067646
20073549
20079691
20083202
20087476
20093511
20099056
20103686
20107239
20109680
20119319
20126320
20133496
20136925
20141556
20151156
20158453
20166525
20170484
20174285
20180985
20186849
20196717
20200586
20205341
20211798
20218812
20224474
20227456
20230598
20236977
20244952
20254189
20259738
20265160
20275864
20283782
20290753
20296735
20305768
20315505
20324932
20332276
20337601
20346189
20355378
20366989
20374311
20379829
20392923
20402356
20415859
20425076
20434290
20446147
20462651
20475639
20483642
20489392
20497598
20509443
20521500
20526340
20531757
20550902
20568051
20580346
20586054
20592459
20603817
20612947
20628026
20633000
20639652
20650259
20659483
20671756
20683886
20700034
20718347
20731502
20739498
20747665
20759472
20770122
20788088
20794921
20803396
20820484
20837703
20853533
20858741
20866506
20873698
20882020
20894511
20900436
20905077
20917481
20931655
20941379
20946624
20954454
20970020
20985257
20997407
21004772
21009998
21022206
21036471
21046534
21052420
21058931
21069026
21078546
21086727
21098987
21113047
21128154
21140363
21145736
21151940
21162766
21170993
21179320
21184160
21188771
21196182
21206786
21218113
21223370
21228168
21239412
21248425
21256736
21261256
21264943
21271033
21278806
21286494
21290402
21293746
21300033
21308002
21313913
21317368
21321916
21327308
21332361
21338565
21342309
21347626
21354141
21358990
21366277
21374762
21381269
21388683
21397072
21401953
21406131
21413581
21420031
21428127
21433900
21438140
21445847
21451880
21457608
21461148
21465805
21479327
21490504
21499755
21506488
21511186
21522797
21531754
21540749
21545475
21552512
21561950
21572110
21582883
21589452
21596462
21610143
21622204
21632479
21636862
21640714
21647071
21654134
21661179
21667053
21672724
21678911
21687158
21690327
21692824
21702460
21711285
21718387
21720852
21723872
21731104
21738482
21743530
21746167
21749924
21755692
21762091
21766604
21768681
21771348
21776363
21781297
21784262
21786210
21788598
21792813
21797126
21801002
21804138
21806659
21814402
21820080
21825410
21828715
21831962
21836638
21839809
21844475
21851294
21857207
21863208
21870179
21873117
21875339
21883688
21892621
21899747
21905523
21910337
21916934
21923934
21931147
21933477
21936853
21945954
21955774
21961959
21965127
21968570
21972642
21978670
21986657
21989371
21992960
21999449
22007695
22013852
22018165
22022283
22028739
22033845
22040025
22044478
22048067
22060332
22072589
22087121
22097456
22110736
22126005
22144838
22151395
22157454
22168780
22184188
22195866
22204576
22212428
22227272
22239741
22248615
22253349
22258335
22267705
22276217
22285361
22292047
22296892
22310034
22319363
22327803
22332343
22337432
22348060
22356696
22369396
22377660
22383219
22394135
22404457
22413957
22422092
22427956
22436146
22443571
22452216
22462806
22472920
22482602
22489759
22492293
22495951
22506886
22517131
22529353
22538029
22544073
22549994
22558566
22571353
22575453
22579957
22595300
22606876
22617821
22622309
22626491
22637353
22653610
22667665
22672975
22679267
22687779
22700245
22713477
22718448
22723284
22731675
22740274
22752490
22757542
22762785
22775287
22784187
22800394
22812236
22820691
22828985
22839176
22842679
22846116
22862496
22879804
22890806
22897810
22905670
22919631
22930751
22943916
22952439
22963623
22972034
22981471
22989200
22995519
23000125
23008986
23018725
23026213
23029805
23034412
23042916
23054620
23069739
23074549
23081208
23092074
23105858
23120896
23127272
23131833
23147718
23161574
23173333
23187622
23203966
23217162
23227101
23233065
23237400
23247966
23262877
23271037
23275621
23280874
23291755
23300953
23308997
23313059
23319065
23329739
23343491
23356976
23361411
23367946
23379932
23390003
23401201
23407270
23415978
23434877
23453688
23475125
23487701
23497378
23512553
23525741
23541199
23548982
23559494
23571675
23587679
23599396
23609826
23620375
23632402
23646345
23654866
23661853
23676900
23688724
23700484
23705034
23708914
23718923
23733614
23748014
23752709
23758317
23769379
23778965
23793044
23798104
23802651
23811303
23820676
23827916
23831429
23834076
23846085
23858696
23868174
23873825
23879947
23894880
23906215
23914736
23919063
23924845
23941400
23952713
23967236
23982669
23998378
24018560
24032621
24042832
24050803
24072610
24093846
24110715
24118316
24126617
24141025
24153242
24170206
24179131
24189001
24202561
24221002
24245447
24254978
24265669
24284126
24298188
24310495
24316735
24324074
24337672
24357835
24375627
24381823
24388923
24401446
24414681
24427536
24436415
24444643
24454491
24464938
24475358
24486772
24494706
24500745
24511900
24516193
24520122
24531381
24539012
24550693
24559643
24566580
24581788
24601456
24615875
24624860
24631296
24646622
24657926
24673960
24680362
24685348
24699335
24712808
24732871
24741681
24748104
24762468
24772366
24780088
24784653
24789186
24802242
24816852
24832119
24839285
24849358
24866429
24888012
24915049
24924748
24933199
24949192
24966729
24983394
24994479
25005565
25025737
25053565
25070300
25080373
25093498
25114507
25132719
25151573
25162770
25174411
25188586
25204920
25226839
25235692
25245933
25258668
25276654
25296457
25308109
25317397
25329446
25342174
25358684
25365236
25371804
25389992
25402741
25421272
25430056
25440209
25448973
25460408
25466510
25475647
25484398
25490271
25499595
25502396
25506250
25515817
25529536
25539509
25543794
25547965
25560781
25574896
25589802
25595666
25602016
25607063
25611834
25617522
25620135
25623916
25634515
25642713
25648243
25651517
25656172
25663514
25674023
25681277
25685563
25688966
25696217
25706617
25717339
25722929
25728560
25737103
25746722
25756796
25764159
25773186
25780617
25791504
25795434
25799532
25809486
25820251
25831696
25837061
25844326
25856335
25871284
25882306
25888343
25896200
25905781
25916701
25923832
25926788
25930455
25939768
25951722
25960959
25966876
25971000
25983397
25997039
26009467
26014157
26020342
26027597
26037195
26045516
26049397
26053304
26060841
26071759
26080361
26087601
26095797
26102829
26111323
26114985
26119991
26125733
26133505
26141868
26147116
26151005
26160463
26169739
26179424
26185976
26190561
26205740
26216603
26233238
26240028
26247393
26260648
26271123
26281542
26286589
26290739
26300870
26310442
26317475
26320209
26324196
26335321
26344594
26351210
26355775
26360864
26374922
26385379
26392938
26404177
26417255
26428184
26442078
26452928
26460990
26477206
26488512
26499383
26503318
26507860
26520297
26529041
26538753
26542650
26545964
26556880
26571796
26583405
26588450
26594792
26608088
26618915
26626448
26632207
26636593
26652289
26665683
26680504
26690301
26699768
26709761
26719655
26731717
26739232
26747569
26758993
26774044
26782648
26795511
26810349
26820339
26831144
26836749
26844103
26854056
26863564
26874797
26880843
26887399
26902473
26915990
26930584
26940604
26948255
26968312
26984484
27001529
27007563
27012979
27024284
27033874
27048794
27054238
27059229
27079239
27094417
27108884
27113127
27119436
27131669
27149110
27170489
27182338
27193193
27202047
27211161
27226520
27237624
27248935
27258653
27266417
27271329
27276899
27284775
27294847
27302489
27305428
27308952
27317708
27328528
27339249
27346750
27353164
27368585
27379044
27387891
27392886
27396352
27410231
27420998
27431197
27439191
27445449
27459885
27471623
27484034
27490702
27495863
27503736
27514753
27522236
27528576
27533063
27539565
27546214
27556012
27563616
27570940
27577436
27585453
27589411
27593359
27601307
27610176
27616354
27619361
27622897
27630516
27640929
27648042
27651185
27654781
27670795
27683110
27692861
27698462
27702847
27711381
27719935
27729835
27733214
27737397
27747636
27757949
27767633
27773852
27778236
27788631
27801957
27809271
27815007
27819353
27833967
27844512
27852147
27862534
27871895
27882260
27890861
27894711
27898270
27907962
27921595
27928267
27933178
27937944
27947013
27959103
27969990
27976185
27982161
27989774
27999940
28010850
28015621
28019692
28031485
28041525
28050168
28056048
28062690
28068427
28074843
28083143
28087745
28091286
28101286
28112836
28123226
28127018
28130761
28138426
28143559
28148699
28153325
28161782
28168645
28176137
28179812
28184288
28193914
28202373
28210755
28214994
28218632
28228715
28235739
28248286
28253492
28259593
28264302
28271123
28277079
28279656
28282427
28291544
28298573
28305119
28309989
28314339
28324086
28332697
28339729
28343799
28348468
28355251
28361781
28371954
28376804
28380298
28388166
28399125
28404660
28412554
28421445
28428140
28435131
28438278
28441846
28452785
28463158
28471320
28474504
28479189
28493602
28504828
28513932
28521675
28527491
28542954
28557820
28569621
28574035
28579735
28596240
28610575
28619314
28625761
28632362
28642387
28656269
28666843
28671141
28676008
28686874
28702152
28712061
28715239
28719756
28730560
28740187
28750701
28760513
28773354
28783705
28792407
28796117
28799492
28809171
28818624
28825331
28830618
28834660
28839563
28844760
28852472
28855559
28858618
28872361
28884154
28900801
28907224
28916072
28927578
28936636
28946678
28951671
28955626
28966613
28975224
28981417
28986684
28990334
29002430
29010694
29018805
29023323
29027362
29032323
29039014
29045569
29051724
29055852
29060283
29065783
29068331
29071311
29078990
29086538
29094610
29100637
29105443
29113025
29119243
29126710
29132662
29137123
29145087
29153299
29163217
29166200
29170554
29175898
29182774
29190191
29194620
29200239
29209832
29220344
29231781
29237076
29245004
29256413
29272072
29281131
29286083
29290813
29295750
29302342
29307995
29314620
29320680
29326309
29333287
29336060
29339003
29348675
29358125
29367059
29370018
29373834
29381448
29389455
29399830
29405479
29410578
29418071
29426500
29433420
29435561
29438748
29444052
29448086
29453699
29456061
29458384
29466478
29474337
29480681
29483416
29486588
29495715
29504522
29516199
29521949
29526014
29534048
29544322
29555243
29565052
29579211
29589316
29596561
29600814
29605680
29611239
29618110
29625322
29629038
29633774
29641588
29648387
29659811
29664940
29669577
29676275
29681509
29688865
29692251
29695585
29701154
29705100
29712332
29715645
29718247
29725881
29733132
29742535
29745172
29748915
29757700
29764037
29773144
29777955
29781944
29789151
29794101
29797748
29803175
29809559
29815526
29820326
29823597
29826336
29834076
29841121
29849329
29854693
29858887
29867118
29873052
29879195
29881906
29884827
29891172
29900209
29906374
29908927
29911669
29918765
29928016
29935100
29941119
29945245
29951288
29957564
29965139
29967691
29971094
29974859
29980244
29986873
29989642
29992451
29997587
30003062
30007459
30010981
30013608
30017911
30023435
30031102
30033735
30036486
30044440
30050340
30055573
30057495
30059804
30066018
30072877
30078777
30082854
30086076
30091559
30098231
30105091
30108530
30112349
30118902
30126890
30136155
30139657
30143489
30146739
30151594
30157129
30159786
30163222
30170070
30174965
30182820
30187055
30190246
30196279
30203289
30210757
30221556
30228413
30236941
30247371
30251500
30254725
30267277
30275940
30285920
30289359
30292859
30308386
30322380
30330903
30336434
30342659
30353643
30365824
30376323
30382651
30389093
30403879
30415369
30433891
30443133
30449629
30459352
30469192
30478338
30481287
30485133
30493563
30500044
30510793
30516674
30521311
30530593
30539810
30547741
30555202
30564452
30570997
30581651
30588312
30593198
30604314
30618154
30630550
30637290
30642964
30656643
30671159
30679639
30684747
30690511
30701777
30709606
30720300
30725102
30731981
30741604
30748843
30755690
30760110
30764898
30771954
30780965
30787258
30791303
30795027
30800234
30807288
30812180
30813782
30816131
30830781
30847613
30860726
30869859
30879304
30889453
30902589
30907911
30911533
30923911
30932910
30944821
30952039
30959939
30969429
30983026
30991891
30994860
30999039
31006348
31013131
31022948
31027268
31032141
31044580
31053974
31066477
31072339
31077966
31088258
31098772
31112936
31119478
31124394
31136034
31144855
31152231
31157111
31162093
31174176
31189009
31204954
31216464
31225577
31235308
31243864
31249511
31255285
31267394
31277461
31293039
31297820
31304587
31312959
31322910
31331152
31334624
31339588
31348869
31356616
31364913
31370658
31375033
31386315
31395801
31404887
31411582
31417336
31426903
31434899
31441796
31445920
31450106
31460768
31468372
31481390
31487288
31494429
31501673
31509046
31515055
31521378
31533001
31540932
31549872
31554903
31559350
31566636
31572867
31580185
31582549
31585256
31589687
31595928
31602360
31605284
31609211
31621069
31635317
31646979
31650346
31655332
31665302
31675426
31684851
31688874
31692198
31705134
31715265
31724394
31729083
31735715
31744819
31755013
31762645
31764850
31767907
31772989
31777422
31782773
31788367
31793716
31798051
31801338
31803316
31805189
31809881
31815979
31822788
31827137
31832022
31837970
31844645
31850375
31854137
31858201
31865698
31872339
31876342
31879111
31882076
31888371
31897006
31907787
31912124
31915245
31919897
31926156
31933204
31935415
31938624
31944943
31952143
31956989
31960077
31962647
31968914
31977168
31983710
31992142
32000170
32011196
32022247
32027977
32033697
32042610
32050672
32058053
32061507
32065393
32072383
32077216
32086837
32089723
32094000
32099068
32105311
32112083
32116701
32120140
32128611
32140559
32148044
32152600
32158196
32164511
32169985
32176930
32180142
32184072
32193288
32203035
32210649
32215296
32218971
32230155
32240738
32248182
32255656
32263631
32269304
32278448
32282932
32289034
32294648
32301000
32308172
32311502
32315709
32321334
32327622
32331678
32333420
32335989
32342183
32347025
32355132
32357953
32360753
32366476
32371990
32377770
32380903
32385587
32391756
32396223
32401626
32403199
32405228
32410643
32416614
32419746
32421937
32424208
32436493
32445744
32457369
32470877
32486427
32496984
32504378
32510352
32515280
32527486
32540773
32559610
32567113
32575176
32588621
32606172
32619537
32626374
32633005
32642605
32649798
32660164
32666484
32672619
32681357
32689722
32701854
32707690
32711979
32719262
32726425
32733232
32737304
32740683
32750776
32759369
32770226
32775966
32781150
32795125
32810785
32823115
32831921
32844873
32855508
32869755
32878142
32886799
32901019
32915114
32937512
32944773
32954554
32967758
32979787
32992310
32996851
33001280
33015148
33027168
33035234
33041207
33045964
33053749
33062981
33071628
33076907
33082957
33092929
33104454
33111529
33116425
33120613
33130297
33143269
33151617
33156760
33163289
33172615
33183855
33193088
33200960
33209898
33219894
33225904
33230267
33234615
33240210
33244535
33251844
33254527
33257684
33262558
33268819
33277726
33280275
33284100
33293800
33302643
33311427
33314829
33318381
33324770
33329612
33339292
33342476
33346444
33356707
33364306
33371717
33375010
33379633
33389740
33402959
33412966
33420275
33425545
33434645
33442168
33449518
33457314
33467830
33478051
33489737
33496961
33504757
33512751
33524355
33538173
33544891
33550671
33561503
33574713
33585213
33591676
33600745
33609790
33616359
33629364
33633105
33638548
33644698
33652744
33658552
33661587
33663799
33670152
33679657
33687541
33693844
33698965
33706093
33711989
33719584
33724879
33729540
33740970
33753063
33763145
33776476
33784130
33795380
33803049
33807508
33813317
33829798
33845002
33861857
33869706
33877177
33891972
33902468
33919230
33925534
33934722
33946151
33955313
33966401
33969719
33974666
33983345
33995860
34003447
34009099
34014469
34027286
34043245
34059101
34070639
34079114
34095029
34105998
34116068
34121438
34128445
34136374
34145527
34151487
34158413
34169045
34179219
34193029
34198076
34202422
34214347
34229352
34238901
34242973
34247498
34258891
34275025
34292264
34300484
34307733
34314648
34322958
34335158
34339474
34343894
34349848
34356970
34365918
34371023
34376092
34384833
34390952
34396551
34398690
34401080
34410196
34422918
34430732
34434793
34437896
34453926
34467130
34480191
34492463
34505943
34524421
34537308
34544226
34553699
34569101
34582130
34600707
34608012
34613355
34621312
34633044
34649073
34654581
34662242
34671818
34686152
34697350
34704794
34711547
34721823
34735440
34743150
34747183
34752381
34763734
34771866
34784114
34789320
34796841
34805249
34817037
34825646
34829227
34832124
34840797
34852005
34858609
34862931
34866578
34876730
34888006
34898418
34904986
34913558
34921716
34932568
34942693
34947528
34953793
34965840
34980390
34990241
34996408
35001470
35016459
35031925
35042157
35047361
35053838
35063197
35072365
35081665
35086837
35091793
35102654
35110836
35117395
35121666
35124905
35131658
35141216
35146273
35149328
35153722
35172287
35195957
35212591
35224862
35242590
35254642
35269115
35274975
35279571
35292057
35301208
35312104
35320373
35327179
35339004
35356398
35377307
35387324
35394877
35416398
35431361
35444287
35451303
35458513
35487300
35506943
35522194
35529449
35539780
35565763
35594389
35625119
35635282
35646538
35666804
35688482
35710874
35723494
35732058
35747113
35759218
35779625
35798159
35810551
35824240
35836563
35841546
35846905
35862922
35875661
35892280
35901515
35908419
35923648
35935155
35946887
35953428
35961085
35972997
35984604
35994083
36000263
36005487
36017337
36026683
36036490
36040338
36044504
36058601
36072814
36086605
36092498
36096924
36108952
36120025
36133615
36143513
36151066
36165271
36176474
36188117
36197571
36208907
36223373
36234125
36238653
36242324
36249810
36260692
36274420
36278769
36285140
36292989
36299303
36308201
36311701
36316047
36325938
36335276
36341860
36345536
36349126
36362061
36377093
36389326
36393676
36398368
36409098
36418720
36427447
36430250
36433930
36443916
36452147
36458235
36461604
36466656
36477840
36492017
36510380
36523667
36543671
36557272
36574530
36584156
36591868
36605795
36623199
36640228
36648659
36654590
36664574
36676017
36686309
36693507
36699440
36711022
36723174
36729718
36734791
36739394
36750256
36761329
36772619
36778634
36786962
36800922
36813698
36823668
36829218
36835790
36847656
36858873
36872831
36877570
36883861
36898499
36908840
36918855
36929423
36936686
36945778
36955518
36958990
36963045
36974857
36989693
36997692
37002180
37007489
37026564
37039450
37054148
37060163
37066613
37076673
37086479
37091976
37095380
37099761
37108293
37115374
37121713
37125784
37131069
37136159
37143560
37152348
37157094
37161551
37172823
37186135
37197485
37202028
37205310
37216309
37227294
37235290
37245795
37259394
37269522
37280612
37284424
37289522
37297828
37309642
37319374
37324444
37328756
37339803
37349319
37361701
37369837
37378643
37390860
37399831
37414497
37419181
37424916
37442396
37462707
37481465
37487755
37494149
37509476
37521669
37544870
37553462
37561760
37576514
37587734
37596076
37602180
37607082
37616325
37629929
37648308
37662330
37677799
37692153
37704213
37711644
37719924
37731525
37740464
37751590
37756882
37763145
37772158
37783172
37796661
37802359
37810106
37827331
37840721
37849795
37856739
37862500
37873929
37881819
37889986
37893802
37898802
37911722
37922149
37934201
37938452
37943575
37954385
37970109
37980281
37984726
37988382
37996200
38006065
38013021
38021390
38028344
38033693
38041755
38044760
38047139
38056617
38066142
38075666
38079994
38083555
38094753
38105881
38114349
38119886
38124176
38137021
38145760
38154649
38157786
38162413
38174481
38185010
38195135
38200853
38205486
38213627
38222288
38236532
38241180
38247324
38259233
38269536
38282454
38290896
38296912
38302005
38307125
38313656
38318642
38324730
38331714
38337499
38341169
38345512
38354131
38360111
38368744
38372697
38377680
38382322
38387577
38393228
38396496
38400424
38407290
38413967
38419079
38421105
38423710
38430066
38437669
38444726
38448084
38450887
38461426
38470985
38477463
38481287
38484485
38491943
38501202
38507263
38511152
38514476
38520420
38528721
38537859
38544624
38554412
38564375
38572195
38575239
38579253
38588045
38599136
38609400
38614757
38620315
38627374
38637624
38645556
38649959
38653629
38659802
38664357
38672643
38675922
38679215
38687015
38692266
38700394
38705598
38711453
38715775
38719334
38723689
38727135
38729961
38733717
38738523
38745475
38747856
38750274
38754306
38759712
38764534
38770111
38775300
38782562
38789425
38793718
38798261
38807964
38816833
38824837
38830240
38833893
38842203
38847871
38857885
38861715
38866733
38874994
38886374
38896922
38902647
38908261
38914824
38924308
38930571
38935223
38939801
38946974
38955609
38960912
38963879
38967060
38974351
38983203
38992528
38997020
39000219
39008971
39021015
39031521
39042875
39052835
39067270
39085555
39095119
39102071
39115988
39130087
39140489
39149226
39155446
39166977
39176307
39190281
39195494
39201911
39207494
39214995
39225521
39229517
39234366
39247917
39257930
39272297
39277132
39282470
39292117
39300790
39314341
39319277
39324851
39337573
39346367
39360866
39366975
39373518
39378033
39384676
39390909
39400161
39412048
39423035
39429644
39435353
39439368
39446306
39454218
39460984
39464740
39468175
39478222
39487794
39498586
39503062
39507075
39517852
39526033
39534931
39540786
39546369
39557922
39568569
39581709
39591501
39599554
39608565
39618654
39625109
39629473
39634650
39643354
39654767
39666847
39674918
39682053
39691874
39703154
39711380
39718981
39725685
39733171
39739904
39744184
39747212
39754415
39762432
39770752
39773978
39776546
39784357
39792518
39802463
39806366
39810212
39818888
39827947
39835551
39842052
39846899
39853955
39859866
39865049
39868930
39871529
39878945
39888596
39901838
39905854
39911229
39921306
39935886
39947676
39953428
39960099
39968740
39974924
39984259
39993293
39998687
40003385
40009163
40012602
40016348
40026495
40035943
40046753
40052203
40056792
40065717
40074612
40085616
40089459
40093457
40099986
40109566
40119406
40126593
40131597
40141393
40151128
40162593
40168059
40172919
40187391
40199079
40210517
40217558
40223953
40238615
40251051
40271148
40278422
40286857
40296139
40304418
40314361
40319247
40326077
40338488
40346967
40361670
40367794
40373327
40379305
40387433
40399085
40403302
40406878
40413359
40421730
40428899
40430982
40433859
40441594
40447822
40458809
40462968
40467131
40476204
40483342
40489309
40492056
40494168
40505046
40515673
40524284
40527184
40530993
40539380
40545591
40549954
40553312
40556068
40566986
40581767
40593795
40610295
40623630
40638698
40655611
40664727
40671030
40682577
40690696
40699601
40703493
40708600
40720215
40732855
40742402
40747930
40751705
40763715
40775172
40787157
40792047
40798878
40811248
40819758
40836704
40842663
40849432
40860307
40871546
40883315
40888638
40893680
40904193
40918929
40938332
40946563
40952053
40958607
40967887
40978326
40986859
40999991
41012532
41023916
41029862
41034500
41041200
41047224
41057228
41061033
41065657
41075860
41088958
41096387
41101231
41106343
41120297
41130832
41142732
41148229
41154629
41168162
41179649
41189184
41194317
41199036
41209778
41225650
41234973
41239754
41245196
41260385
41272448
41285301
41295642
41302760
41316074
41329460
41339709
41352807
41365619
41376202
41393691
41400112
41405790
41426094
41442073
41463627
41471795
41479142
41488836
41502217
41518660
41524746
41532880
41544337
41558631
41568115
41571779
41577041
41589048
41601554
41618809
41627234
41633007
41637600
41644413
41651004
41656210
41660133
41669447
41682407
41689534
41694382
41699949
41713020
41731127
41743296
41753623
41765727
41775507
41784329
41787532
41792325
41805960
41823336
41833865
41839372
41844107
41866125
41881891
41899260
41906992
41913159
41930016
41942694
41951657
41956559
41962693
41971423
41983625
41993144
41997580
42001149
42009764
42016542
42026249
42033835
42038924
42048119
42057294
42069587
42075855
42081814
42095044
42109327
42118841
42128160
42144551
42157119
42171360
42180519
42188418
42202718
42214929
42228515
42234134
42241045
42255976
42274331
42289836
42299342
42311637
42322245
42334095
42344661
42350441
42355674
42368962
42380796
42397353
42407595
42414820
42432944
42445314
42457514
42463838
42472872
42486267
42496998
42505904
42509490
42514093
42539670
42558161
42574077
42591083
42609931
42628071
42647259
42655208
42660999
42676627
42691735
42704910
42709952
42715547
42730578
42748501
42763060
42769929
42775409
42791419
42804125
42814622
42821883
42827546
42842643
42855699
42864260
42870472
42875168
42887694
42900273
42910220
42915230
42921005
42929749
42938846
42946299
42949501
42953028
42965227
42980193
43001427
43020168
43037735
43058481
43074502
43079679
43086869
43109374
43128663
43145403
43157983
43166431
43181164
43198861
43212431
43218812
43227930
43250606
43266119
43280474
43287195
43292068
43302035
43313374
43327460
43334582
43340346
43360851
43383230
43397452
43405167
43415032
43432131
43449962
43468645
43481038
43493384
43506660
43515671
43525144
43536531
43550327
43566050
43575908
43581560
43585837
43601521
43614428
43624375
43629943
43637821
43648772
43664028
43673452
43679842
43686208
43701581
43712708
43725954
43734946
43741066
43757249
43772858
43788165
43793962
43801851
43814722
43823786
43836534
43843691
43854246
43869031
43889135
43902782
43910741
43922345
43935060
43944176
43953954
43964387
43974686
43984902
43991161
43995255
44000009
44015292
44026248
44042642
44053531
44064285
44075867
44087154
44097094
44103552
44110884
44122991
44133536
44141456
44145288
44149865
44159640
44173534
44186300
44193808
44199663
44214772
44231203
44253063
44265788
44276985
44288093
44304476
44318992
44324611
44328792
44337024
44348857
44357323
44366399
44376755
44386537
44400647
44405610
44411855
44422161
44433060
44445049
44453005
44462092
44477240
44491153
44507796
44512573
44519364
44530493
44546292
44555804
44559605
44564903
44580321
44592173
44602626
44607970
44615339
44632456
44643959
44654322
44659855
44667195
44682857
44700988
44714316
44722320
44729359
44743232
44758405
44770834
44788241
44799174
44813939
44824478
44830637
44839834
44853384
44866833
44883249
44890356
44899785
44913708
44926199
44947277
44957489
44964771
44978395
44987596
44998077
45005544
45011242
45021604
45032963
45041880
45048853
45053818
45062676
45070721
45082008
45088022
45092731
45102565
45117165
45131523
45137343
45142278
45151506
45161273
45170315
45177802
45185835
45191661
45203154
45207293
45211968
45227392
45237814
45245597
45251514
45256612
45272060
45286988
45298110
45302792
45308232
45317651
45326960
45335367
45339363
45343191
45349201
45356424
45365451
45368374
45372482
45378574
45384272
45391226
45395913
45400241
45404870
45410453
45415938
45417548
45419815
45434863
45449661
45462871
45478810
45490267
45505693
45522110
45526844
45533807
45554931
45569733
45581393
45588219
45596044
45607603
45616896
45628449
45636810
45643078
45653942
45666510
45678043
45683916
45688124
45704407
45718363
45735929
45743380
45750314
45761780
45771441
45783918
45790888
45798607
45804299
45812529
45823981
45828936
45833113
45844224
45854772
45867346
45880945
45888602
45898830
45906732
45910173
45914760
45926400
45937999
45947065
45950431
45955094
45963009
45970320
45980074
45983666
45989051
45998425
46010693
46020597
46024385
46029046
46034911
46041396
46049909
46055191
46059762
46072317
46087548
46097570
46102908
46110218
46121763
46135731
46149847
46155481
46160849
46168015
46174640
46180176
46186739
46194477
46200932
46207556
46212519
46217023
46223571
46231763
46240442
46246866
46252463
46259455
46267931
46276810
46283475
46288386
46297802
46308616
46317377
46322272
46328304
46338217
46351504
46360114
46363704
46368251
46377159
46385805
46396032
46400649
46405620
46415166
46427095
46440750
46448724
46456330
46461703
46468315
46475422
46479195
46481879
46487490
46495011
46501186
46504254
46506604
46518129
46528183
46537224
46541998
46546825
46554521
46563981
46570596
46574460
46578546
46585042
46592607
46599489
46602529
46607049
46613246
46618015
46623721
46625613
46627538
46631404
46636704
46642396
46645041
46647419
46653222
46657305
46663703
46666396
46668641
46680592
46690704
46700127
46708364
46719047
46726217
46735729
46739854
46744313
46755516
46765840
46777682
46784788
46790247
46798376
46808501
46818194
46821557
46825013
46836152
46846202
46861093
46865678
46871732
46882512
46892095
46907385
46915448
46922083
46939900
46959803
46974539
46982291
46992235
47009798
47024698
47036850
47044030
47054239
47066703
47075380
47089318
47101384
47117152
47139828
47154099
47163450
47171676
47185502
47196121
47208632
47213600
47218840
47232488
47251081
47264888
47271890
47280486
47296587
47307346
47321453
47328562
47337404
47348330
47356471
47367233
47372992
47376862
47385573
47397473
47405482
47407849
47411295
47425089
47434730
47446995
47456028
47462788
47471115
47481930
47497567
47508106
47518991
47529503
47539987
47547910
47555563
47563425
47572677
47580465
47583547
47587296
47596845
47603872
47611144
47614639
47618092
47625672
47631671
47640944
47646502
47651667
47664500
47674614
47686771
47691803
47698952
47710160
47717908
47730496
47735964
47739831
47752954
47763364
47773820
47777796
47781415
47788443
47794591
47803353
47809654
47815500
47822367
47826526
47828667
47831290
47837951
47845975
47855567
47860260
47865433
47876030
47886863
47894993
47899008
47903538
47913081
47923145
47931415
47936054
47940061
47945419
47953276
47959915
47965070
47968820
47974823
47981582
47986818
47988801
47990643
48000309
48007323
48013123
48015784
48018929
48030145
48046404
48064906
48080800
48088181
48097804
48112594
48117909
48122771
48131595
48140089
48151104
48158805
48164343
48178577
48190351
48202476
48207959
48213085
48224314
48240315
48256794
48263515
48269045
48282150
48293086
48307170
48315733
48324023
48336759
48348202
48360615
48365398
48370831
48377798
48387307
48399683
48403677
48408996
48417007
48422960
48430594
48439904
48448518
48456505
48467532
48472863
48477135
48487291
48495521
48506106
48512707
48518003
48533192
48545031
48556228
48560971
48567682
48585469
48599252
48610232
48614956
48620394
48640042
48654573
48670229
48674563
48680971
48692413
48701394
48719348
48726068
48731711
48744619
48756394
48768951
48775651
48781554
48797556
48821253
48833573
48851611
48868648
48891264
48903647
48911649
48918446
48931291
48941825
48959489
48967542
48973382
48993844
49011897
49028174
49037726
49044954
49060419
49076427
49093864
49100029
49107033
49121569
49135887
49147018
49154178
49159342
49170752
49187165
49200200
49207228
49213632
49226512
49239497
49248237
49254327
49259288
49268018
49276816
49284524
49292570
49306458
49318312
49328609
49332648
49335972
49352290
49365185
49374727
49379568
49386826
49396845
49410606
49424306
49430472
49437841
49446730
49454017
49462292
49464710
49468312
49476348
49483769
49492002
49498082
49504151
49514623
49527254
49536981
49541481
49545708
49553643
49560896
49570062
49574713
49579211
49601144
49621790
49635534
49652735
49669468
49686891
49699386
49706634
49714806
49725266
49734595
49748364
49756590
49762437
49773866
49786868
49799911
49806372
49815504
49837264
49857799
49876031
49888513
49898134
49913341
49928055
49944936
49954049
49960149
49978561
49993378
50007420
50016516
50023323
50038439
50051200
50063768
50069328
50073132
50090513
50107469
50132082
50154746
50174044
50189201
50208397
50216130
50225061
50238796
50258226
50273584
50281811
50290328
50307351
50323694
50334266
50340327
50346709
50365480
50388505
50404000
50413179
50423912
50434589
50450070
50465957
50475596
50488354
50511248
50529273
50555725
50563398
50574019
50598577
50619155
50636301
50642464
50649553
50668872
50694442
50707908
50727151
50749851
50765413
50785623
50796951
50805197
50830966
50848640
50882374
50893059
50907016
50942762
50971839
51003384
51020229
51032937
51051863
51069778
51092596
51104416
51116679
51136278
51155146
51177232
51188841
51204114
51216991
51232651
51249021
51259381
51272963
51288265
51304360
51321299
51328780
51336146
51348659
51359285
51370373
51379566
51393723
51412263
51426776
51433199
51440674
51456397
51471821
51490589
51499410
51511111
51527624
51545826
51557819
51565353
51570629
51596159
51620628
51636748
51647988
51657305
51674247
51697808
51714410
51721536
51730554
51743181
51760063
51768499
51775057
51780724
51796716
51810682
51831969
51842679
51854492
51865223
51878589
51895442
51912401
51928234
51944550
51956890
51962638
51969483
51983593
51993070
52006431
52014402
52020395
52032141
52047542
52063118
52071615
52078093
52092957
52106324
52119951
52127558
52138416
52156598
52183111
52203791
52210489
52217962
52232610
52243451
52257954
52263738
52271757
52285359
52294517
52304255
52308981
52312285
52325763
52335102
52344944
52352467
52361617
52370325
52380961
52386681
52391576
52401834
52414022
52421872
52428498
52433253
52443993
52457309
52471458
52476708
52484097
52494394
52505263
52518378
52525477
52530885
52541533
52555082
52567928
52576892
52584644
52602601
52624037
52640372
52647971
52654602
52673333
52690457
52703635
52710056
52717473
52725535
52735261
52747921
52760827
52777313
52788749
52806342
52811670
52819184
52837486
52851668
52865639
52870526
52875256
52888532
52898978
52910863
52919563
52927523
52947589
52964374
52977232
52984814
52991666
53002113
53010629
53024352
53029968
53037915
53062031
53079563
53094797
53103595
53111352
53126770
53143923
53157507
53163944
53168855
53201305
53227280
53247657
53260599
53274407
53295225
53316026
53349950
53364374
53376217
53391134
53412749
53434604
53445218
53453357
53469716
53492353
53510000
53523402
53534409
53553946
53571508
53587246
53593483
53598236
53622252
53638419
53662790
53673346
53688436
53700824
53719259
53729543
53736504
53743215
53756030
53767572
53784705
53791775
53800430
53806093
53814147
53819650
53825702
53831133
53835036
53840991
53843020
53845590
53848384
53852130
53856847
53859828
53861892
53869369
53875547
53881911
53884445
53886318
53892255
53897857
53904010
53905950
53908635
53916783
53927343
53935253
53938204
53941069
53947650
53952349
53960490
53964189
53967118
53971540
53977305
53984610
53987507
53990080
53996871
54001866
54010150
54016127
54023630
54030924
54037401
54041415
54046541
54053961
54060627
54067609
54071847
54076731
54084429
54090229
54097157
54099545
54102793
54108411
54113114
54119016
54121307
54124156
54130844
54139704
54146882
54150524
54152975
54157656
54162494
54167002
54169782
54173666
54177757
54181681
54185909
54188944
54192115
54199113
54208902
54217355
54230003
54244725
54255408
54265634
54272163
54280068
54292181
54300531
54312572
54318933
54325061
54333949
54344864
54352415
54356873
54359966
54368156
54379279
54384679
54388819
54392728
54398591
54404224
54409342
54411899
54415142
54423864
54432887
54442401
54447734
54453677
54461624
54467868
54474110
54476305
54479470
54486490
54495538
54501812
54507927
54515889
54525905
54531741
54535546
54538216
54548109
54556649
54565314
54570522
54574501
54582929
54593247
54602171
54604762
54608291
54622634
54635783
54647977
54653050
54657242
54669112
54679314
54687924
54693597
54699838
54708999
54722045
54731136
54734361
54739148
54747082
54757492
54764323
54768667
54771823
54775922
54781475
54788163
54795129
54801188
54809029
54813526
54816453
54818766
54824264
54831822
54836617
54838314
54840570
54844622
54848685
54854686
54856729
54858732
54863082
54868994
54874820
54877417
54880392
54886813
54892007
54901248
54904673
54909152
54915549
54922996
54932797
54937009
54942865
54951738
54959395
54967216
54970068
54973540
54976687
54979514
54983517
54987469
54991100
54995892
54999342
55001542
55003495
55008113
55014221
55021730
55024101
55027284
55031645
55037611
55042576
55045289
55048302
55052675
55056760
55060963
55063041
55065803
55070415
55077306
55081941
55084158
55086160
55089813
55094566
55099250
55101285
55103130
55109731
55114437
55120695
55124192
55128528
55134347
55139030
55145653
55150708
55159858
55166465
55173368
55176268
55178687
55184155
55190216
55195092
55197824
55200155
55208092
55213410
55218406
55221872
55225811
55235307
55246323
55255253
55259747
55264695
55279972
55291794
55302777
55306926
55310313
55317328
55323072
55330124
55334368
55337915
55344633
55352290
55360600
55364548
55369936
55375945
55381260
55388731
55397618
55402891
55409818
55415631
55418197
55420748
55425727
55430189
55436517
55439995
55442568
55448414
55454206
55460940
55463582
55466773
55471486
55475225
55478560
55480306
55482230
55486789
55490130
55494885
55498854
55501757
55508885
55517124
55522259
55524942
55527698
55534466
55540657
55546249
55548211
55550322
55557396
55562261
55571836
55579968
55585191
55590403
55597674
55600530
55602638
55607274
55613159
55620682
55623564
55627688
55635614
55642199
55649603
55652468
55656520
55663639
55671578
55679249
55681869
55684995
55689770
55693353
55699116
55701502
55704447
55712309
55722420
55735992
55740157
55745074
55751726
55758536
55766348
55770884
55774180
55781495
55791680
55801112
55809260
55822800
55834344
55844902
55851816
55859521
55869765
55880486
55890428
55894721
55899641
55911875
55920320
55929287
55932476
55937065
55946928
55953947
55962840
55967445
55973631
55981954
55989371
55995703
55998200
56000351
56011560
56021318
56027604
56031456
56035714
56042456
56052315
56064383
56068608
56073435
56082380
56093130
56099425
56106556
56116730
56124819
56132670
56135434
56138642
56149336
56163362
56171050
56177500
56182435
56193598
56203800
56214164
56223104
56229674
56238359
56248901
56262085
56268522
56276833
56291603
56307266
56325954
56336131
56343080
56357709
56372574
56384487
56389860
56395474
56404395
56416516
56429267
56433369
56437980
56445334
56451682
56456339
56462495
56471475
56479246
56484729
56488118
56492195
56505026
56515316
56523506
56528199
56535101
56542452
56550312
56561581
56565726
56569983
56575528
56582583
56589824
56594339
56600203
56607204
56612057
56617727
56621300
56625260
56631778
56639102
56648742
56653908
56657711
56665934
56671738
56675734
56678008
56681103
56684520
56689474
56696265
56701679
56707346
56712276
56716115
56718776
56721557
56727863
56732812
56740511
56743755
56746999
56753271
56759172
56767310
56771260
56777062
56786801
56797180
56806352
56812110
56818014
56824557
56832751
56843661
56848647
56852685
56858269
56866060
56874965
56878557
56883484
56889868
56894834
56900746
56905672
56909394
56917268
56924204
56934578
56945302
56954129
56961627
56969206
56974023
56978364
56984157
56988596
56993499
56996388
56999189
57009436
57016701
57023762
57026101
57029144
57038546
57048471
57059409
57064360
57070740
57081161
57090482
57100163
57106166
57113670
57121820
57127508
57134844
57139080
57142899
57149027
57156258
57164578
57167667
57172299
57177698
57183707
57188644
57194005
57198638
57205132
57213267
57216907
57220413
57226863
57232583
57237305
57239959
57243180
57250793
57257607
57266223
57269784
57274790
57285062
57292081
57297554
57300713
57304767
57313563
57323140
57331869
57336809
57340328
57348268
57353934
57359815
57363040
57365864
57370347
57376905
57379943
57381835
57384384
57393890
57406946
57418418
57422984
57429329
57443132
57461259
57475137
57479829
57484477
57498232
57508328
57516690
57522313
57526688
57533246
57542720
57550267
57553363
57556040
57563745
57571247
57575696
57578588
57581674
57589529
57595145
57602339
57605068
57608897
57622130
57630988
57640412
57646803
57651582
57659770
57665959
57675370
57680406
57684005
57691327
57696575
57705551
57713856
57721725
57728135
57734471
57737790
57740013
57744935
57751150
57756500
57759069
57760885
57766599
57773565
57779541
57782350
57784784
57789320
57792823
57798941
57802355
57804855
57811941
57818505
57824317
57827837
57831528
57836737
57842301
57850824
57853861
57856641
57861221
57865440
57870335
57874055
57876673
57882767
57891107
57898167
57903037
57911735
57920140
57927043
57930040
57932039
57938323
57946453
57953454
57956549
57959501
57967495
57977997
57984263
57986945
57990451
57994171
57999394
58006175
58009062
58011210
58015551
58021094
58024644
58026310
58028255
58032201
58037926
58043690
58047340
58050282
58057370
58063780
58069393
58071136
58073231
58077205
58081488
58087726
58092320
58097276
58104622
58110166
58113845
58116515
58123506
58128625
58135854
58140946
58146492
58153110
58159640
58165907
58168556
58171491
58179684
58191510
58201913
58207611
58212626
58223580
58231173
58236956
58240440
58244001
58250192
58255484
58262320
58267239
58271846
58278111
58285272
58292022
58297009
58302150
58306258
58311782
58316538
58322009
58328016
58332336
58336190
58338732
58340697
58345997
58351513
58357246
58360537
58364950
58372195
58377991
58383339
58385511
58387192
58397822
58408035
58415027
58419723
58423209
58431632
58437421
58443420
58445413
58447787
58454359
58459543
58468025
58471605
58475007
58479313
58485584
58490222
58493021
58495562
58501604
58510444
58515924
58520846
58527395
58534584
58543755
58548106
58553715
58562403
58570370
58576979
58582172
58586142
58593148
58600944
58609875
58613540
58617166
58626024
58634607
58644800
58650137
58656767
58668945
58683945
58696365
58701259
58705071
58710523
58718333
58725857
58731709
58737000
58746960
58758394
58765797
58771105
58776649
58786427
58798221
58808089
58816161
58827816
58840690
58850644
58857898
58865307
58875269
58883148
58889464
58893248
58897026
58904588
58912882
58924289
58929537
58934571
58944472
58953401
58967663
58974497
58981569
58990643
59000458
59009136
59012990
59016120
59024159
59033689
59041701
59045367
59048534
59054434
59061605
59069287
59072742
59076145
59082472
59089697
59097935
59107868
59112971
59120517
59129641
59132908
59135745
59151389
59162315
59175448
59179971
59184426
59193414
59204610
59214537
59218622
59222267
59228995
59235804
59242710
59245855
59249271
59260537
59270393
59278207
59283728
59289531
59298020
59306981
59318317
59322967
59327521
59338381
59347542
59353775
59356966
59361504
59367431
59373422
59379125
59383588
59389474
59397747
59406852
59410045
59413287
59420447
59429370
59438764
59446400
59451655
59457797
59464611
59473654
59477079
59480907
59488317
59493859
59499573
59504692
59508138
59514274
59521712
59530858
59534537
59538422
59544536
59549515
59555674
59558491
59560890
59566559
59574509
59579292
59582218
59584478
59588162
59592018
59596893
59602857
59606649
59610715
59614141
59615151
59616497
59623810
59631612
59636156
59638713
59641880
59647520
59653170
59658427
59660639
59663589
59666182
59669184
59673057
59674327
59675807
59679256
59683445
59687414
59689003
59690348
59694561
59700510
59705535
59707351
59710058
59714222
59719704
59725207
59727368
59729045
59731908
59734698
59738624
59742210
59745757
59750143
59754817
59757317
59760370
59763896
59768654
59772114
59773328
59775052
59778007
59781667
59784727
59786299
59787801
59791095
59793410
59796940
59798109
59799708
59804585
59809625
59813217
59815567
59817245
59821595
59824671
59827499
59828995
59830066
59834878
59838135
59842519
59844249
59846656
59849750
59853408
59857005
59861816
59866161
59870638
59875499
59879310
59882236
59888849
59895472
59900861
59903490
59906325
59910389
59915301
59919340
59922270
59924681
59930014
59936659
59941115
59944292
59947367
59953951
59963353
59971278
59974799
59978544
59982970
59989376
59993673
59996502
59999998
60004663
60011581
60016547
60019039
60022691
60025281
60028793
60032677
60036819
60041018
60044612
60047481
60049553
60051108
60055924
60060466
60064387
60067360
60069827
60074859
60080586
60083957
60086285
60088618
60092485
60097428
60100047
60101835
60103396
60106488
60110469
60113656
60115152
60116489
60119304
60122551
60125147
60126477
60127678
60131747
60135582
60138606
60140553
60142374
60149414
60154610
60159979
60164691
60169845
60175709
60180500
60183942
60187624
60191160
60196413
60202116
60204837
60206731
60213747
60218802
60226104
60229980
60235216
60241468
60247963
60254037
60257526
60260471
60265635
60270148
60276570
60279261
60281947
60289057
60296057
60304596
60309147
60313318
60318063
60323305
60330687
60333346
60336314
60350940
60362055
60376024
60386927
60394896
60403533
60415367
60419022
60423481
60433099
60442080
60448303
60451253
60454533
60463613
60473465
60482243
60485736
60489207
60498609
60508004
60513661
60517304
60520729
60527770
60538085
60546512
60549188
60552174
60557747
60562610
60568296
60571032
60573762
60582766
60591425
60597374
60601617
60604515
60609034
60612134
60616059
60619370
60624361
60628926
60632131
60633814
60636129
60638065
60640622
60643845
60645526
60647162
60650390
60653417
60658074
60659881
60661604
60665423
60670807
60677425
60680541
60683941
60688368
60691805
60698017
60700208
60702320
60708374
60712746
60717941
60720941
60724252
60728845
60734043
60738382
60740613
60742406
60747722
60751870
60756275
60757864
60759432
60764108
60769216
60772982
60774958
60776925
60783813
60792667
60799385
60803022
60807408
60811996
60816332
60821309
60824190
60828282
60834858
60842250
60849691
60853615
60858012
60863335
60870147
60876726
60879649
60883465
60890560
60895941
60900365
60903520
60906738
60914139
60919322
60923709
60926220
60928486
60937379
60944263
60950889
60955658
60961764
60968470
60974024
60978017
60981475
60990196
61002047
61011621
61015652
61018454
61031391
61040902
61051459
61055158
61058525
61069957
61077885
61088261
61092462
61097482
61105736
61113038
61120505
61123688
61126806
61141566
61152961
61161546
61168534
61174419
61181371
61191359
61198362
61203780
61208445
61212338
61216462
61222167
61227944
61236924
61243321
61249057
61252604
61257097
61266144
61274453
61286067
61290940
61294475
61299616
61306941
61312207
61315917
61319733
61325188
61330488
61336468
61339270
61341270
61347928
61354339
61358992
61362775
61365666
61369466
61374530
61378272
61379828
61381775
61385452
61388068
61392567
61394623
61396345
61400672
61406401
61412640
61420030
61424129
61429557
61435478
61440416
61443832
61450791
61456358
61464031
61468289
61471283
61477766
61486214
61494804
61498896
61504763
61509245
61514285
61521665
61523883
61526689
61532686
61536714
61541243
61543978
61547877
61553931
61562890
61569638
61573234
61575850
61586808
61595738
61602169
61607357
61611650
61615351
61620839
61627389
61634582
61642539
61650780
61656302
61660441
61664080
61672159
61681392
61691060
61694645
61698266
61709844
61718261
61729691
61733382
61737545
61747393
61756687
61765605
61769048
61771628
61784432
61797178
61808846
61813472
61818064
61830621
61839908
61850890
61857804
61866610
61879750
61888577
61894978
61899257
61904335
61910006
61915545
61923016
61932024
61939263
61947561
61957765
61963298
61967309
61972893
61979800
61988117
61991925
61995393
62001269
62006035
62011378
62014936
62019041
62025115
62033748
62040269
62044938
62049881
62059251
62065782
62078155
62084808
62089275
62097529
62108823
62117062
62121336
62127277
62132709
62140008
62147272
62151679
62157359
62168610
62184128
62194535
62202215
62213694
62223562
62232436
62235779
62240051
62249307
62257302
62262725
62266438
62270591
62277330
62286975
62293581
62296675
62298951
62309551
62317108
62326892
62331174
62335247
62343010
62350023
62358534
62362610
62366500
62374478
62385668
62391600
62395261
62398626
62407008
62417231
62424297
62427633
62432175
62437850
62444739
62451885
62460738
62467097
62475881
62481484
62485521
62488569
62493368
62498528
62505942
62509579
62512933
62518946
62523010
62530326
62534218
62537884
62547940
62555350
62563272
62565992
62569093
62575481
62582477
62589511
62592741
62597273
62602716
62609421
62615220
62618159
62620484
62625997
62633435
62639331
62641784
62643877
62651351
62658165
62666535
62673327
62679112
62683253
62690360
62693263
62696013
62703759
62711651
62721526
62725251
62729973
62736512
62745175
62751608
62753932
62756424
62765571
62776310
62785247
62790754
62795269
62807197
62815681
62825956
62829269
62833051
62842703
62852856
62859312
62863090
62866981
62878739
62886987
62892962
62896603
62901028
62906732
62913054
62917969
62922573
62929311
62937651
62941846
62944913
62948049
62952237
62956490
62961658
62964481
62967437
62971581
62977165
62980752
62983487
62986076
62991953
62998611
63008319
63012454
63017190
63022433
63029206
63037493
63042962
63046987
63052579
63059847
63065261
63069167
63073045
63078501
63082598
63086745
63088910
63090779
63100387
63107610
63116617
63123712
63128274
63134711
63141757
63145670
63149063
63155398
63164492
63173242
63177454
63181796
63187590
63195484
63201375
63204359
63207367
63216534
63225062
63238094
63241722
63246889
63257095
63264252
63270392
63274649
63278319
63292860
63306426
63319895
63324508
63331178
63342086
63350679
63359185
63363069
63367327
63378200
63385605
63396253
63411647
63418635
63427441
63435291
63439674
63443223
63452584
63460626
63466456
63470348
63474916
63482120
63492479
63499080
63502621
63507489
63515191
63526445
63534505
63539484
63542974
63550278
63559142
63566474
63570695
63576507
63590445
63600760
63613739
63619169
63623446
63635316
63649667
63659118
63662726
63667716
63680148
63689799
63696257
63704548
63711024
63719318
63728897
63733728
63738952
63747048
63758140
63769171
63777093
63784324
63794943
63809104
63818872
63823932
63829365
63836986
63842152
63848840
63851934
63855687
63861864
63868066
63873246
63875169
63877712
63887129
63894888
63902477
63906909
63912561
63923986
63933380
63941439
63944932
63948819
63958028
63968116
63979816
63991636
64002170
64009494
64016695
64018672
64021523
64027041
64034101
64040701
64044122
64048565
64055657
64063037
64071422
64074305
64077045
64087067
64095156
64102924
64107033
64111394
64117908
64126190
64135147
64141884
64148274
64158456
64168362
64175663
64179874
64183567
64191398
64203116
64215875
64220680
64224736
64231186
64238968
64243445
64249126
64256155
64263896
64270768
64273210
64275853
64283104
64292095
64298220
64300970
64304979
64310518
64317148
64325632
64329143
64333798
64340814
64346876
64353368
64357372
64360791
64368508
64375417
64381762
64384466
64386616
64391643
64396394
64399723
64401839
64404496
64409927
64415900
64420377
64422446
64424596
64432453
64439621
64450805
64459429
64466536
64472579
64479055
64484005
64487967
64498109
64505136
64511447
64513943
64516878
64522165
64527438
64534339
64539272
64542885
64547416
64553621
64561207
64565172
64568379
64573186
64578102
64584221
64586588
64588463
64594964
64603424
64611733
64616942
64622418
64630878
64637447
64642752
64645517
64647639
64655238
64663148
64667636
64670119
64673576
64679971
64684557
64693465
64696947
64700163
64707179
64712692
64719998
64723680
64726351
64730117
64733584
64738527
64741576
64744418
64749573
64755027
64762243
64765937
64769540
64774753
64781566
64785874
64788522
64792092
64796747
64800761
64806936
64809627
64811902
64818273
64822985
64829482
64832371
64835645
64844809
64856974
64863719
64871667
64880205
64891787
64901390
64904911
64909250
64917518
64925741
64932522
64935506
64939970
64950790
64962069
64972798
64977883
64981565
64988422
64994976
65001938
65005455
65009129
65013465
65019788
65025294
65029560
65033039
65041405
65051488
65062883
65068348
65072066
65078688
65087491
65094264
65098276
65103388
65107686
65112679
65117624
65123785
65129137
65135438
65142835
65147323
65151790
65158581
65163539
65167644
65170670
65172756
65176317
65179765
65185605
65187831
65189818
65195373
65200529
65207889
65212564
65216105
65222786
65231193
65236382
65238900
65241946
65250379
65261640
65269480
65273353
65276375
65283586
65292119
65300917
65304703
65309553
65317932
65323680
65334194
65341347
65352364
65365847
65375856
65380908
65386228
65393561
65398949
65406600
65409198
65411796
65419789
65429017
65437276
65440306
65442833
65452848
65463226
65475825
65481327
65486028
65496287
65509902
65518611
65522068
65527162
65536193
65547886
65556217
65562240
65566454
65576950
65585081
65594214
65599339
65606187
65615868
65630217
65650800
65665310
65675341
65686090
65695448
65701216
65706926
65722633
65740411
65753858
65758995
65764514
65781642
65797448
65807945
65816140
65823280
65832912
65844845
65857000
65862295
65866344
65875277
65882396
65891530
65895501
65901449
65912225
65926356
65935485
65942215
65947288
65959304
65975396
65988092
65992625
65996774
66011920
66029066
66039676
66051016
66077694
66095749
66110554
66121553
66129018
66142760
66163081
66177639
66182687
66189098
66203405
66216403
66226924
66230234
66234657
66247524
66258242
66265100
66270219
66274282
66287740
66297581
66314133
66321043
66330065
66338932
66350615
66367149
66373155
66379497
66389027
66401027
66407303
66411005
66415691
66424692
66437344
66448810
66461010
66468661
66478068
66485785
66489892
66495576
66504111
66512306
66522180
66527422
66531262
66539490
66550710
66556983
66561009
66564717
66576793
66594053
66607486
66612007
66617326
66624622
66633518
66642872
66647229
66653753
66673404
66687531
66706652
66714596
66724527
66737194
66750771
66760848
66765287
66771758
66786873
66801833
66815345
66830870
66844217
66858872
66872208
66878754
66888441
66902299
66921367
66933876
66939538
66947821
66960267
66978596
66990735
66997360
67006801
67024272
67036384
67051101
67057648
67064418
67085520
67105318
67119953
67126322
67134482
67148374
67159192
67180687
67189165
67195891
67210179
67227489
67245961
67256212
67264691
67281898
67294818
67309948
67329935
67342679
67355948
67364377
67368438
67374219
67383804
67393176
67400522
67405007
67408240
67418962
67427310
67439135
67444657
67451439
67461042
67471854
67479632
67482551
67486190
67498722
67509541
67519200
67526774
67533391
67540175
67546570
67554394
67557376
67560890
67570707
67579480
67589423
67594755
67601463
67612736
67624897
67635878
67650503
67660634
67673571
67686989
67692797
67699615
67708062
67718174
67729786
67736826
67745657
67755240
67765843
67775363
67779537
67785235
67796383
67809387
67827310
67834174
67842780
67855713
67872474
67886511
67897079
67906628
67922955
67937593
67950268
67956084
67960368
67970135
67979986
67988518
67993503
67996905
68005957
68018325
68025782
68036202
68045472
68052055
68057854
68062008
68065605
68072183
68077795
68085216
68088634
68093239
68102243
68115032
68125118
68128189
68132404
68151409
68165738
68178262
68183784
68189305
68206273
68218492
68227192
68232082
68239103
68252655
68267632
68277044
68281638
68287496
68298838
68310307
68318426
68321694
68325934
68332281
68339431
68345869
68352232
68359297
68364164
68372324
68375615
68379716
68388991
68398868
68406929
68410535
68413001
68421870
68427823
68435031
68438919
68441716
68449028
68454771
68460862
68463203
68465876
68473652
68479731
68485239
68488268
68491721
68500059
68507909
68514032
68517277
68519466
68529475
68536505
68543583
68548338
68554189
68560201
68567713
68575142
68583301
68593117
68602973
68612128
68617379
68623058
68630039
68639400
68648093
68651608
68654050
68662082
68670758
68677433
68679990
68682374
68694140
68702094
68713322
68720857
68728912
68738769
68751025
68765152
68769494
68775144
68781538
68789995
68799465
68802617
68806313
68815730
68828949
68841578
68845880
68850598
68866335
68878180
68888628
68902296
68913094
68925927
68942018
68948630
68956378
68965972
68974716
68985513
68991918
68999794
69006943
69014286
69023021
69029922
69034825
69048157
69066679
69081363
69090587
69103222
69119336
69130851
69148933
69158897
69168162
69188449
69203514
69214159
69222746
69228617
69240707
69249047
69261452
69268466
69275513
69283413
69292561
69302700
69312470
69319519
69328255
69338154
69343234
69347961
69359941
69371198
69382499
69386698
69391692
69402774
69414724
69423715
69428640
69432234
69441203
69451297
69461736
69467576
69474113
69488437
69501042
69517915
69525496
69534191
69545808
69561874
69573858
69579417
69585669
69598452
69609335
69621486
69628382
69633288
69641783
69653913
69666661
69675994
69686021
69692965
69700160
69704608
69708429
69721984
69735482
69752797
69763189
69774495
69784644
69794253
69807744
69814972
69820376
69827946
69837202
69844341
69848161
69852122
69863873
69873667
69885927
69892638
69897380
69902186
69909039
69915325
69917289
69919716
69927382
69934854
69942401
69946214
69949575
69960568
69969675
69975695
69980224
69984149
69994597
70008698
70020282
70026530
70034202
70048528
70058331
70069592
70076744
70081731
70094871
70105492
70117530
70126589
70135527
70142732
70152498
70159656
70163747
70166724
70177399
70189760
70200629
70205352
70209041
70214499
70218421
70223951
70226989
70230426
70238685
70244515
70252504
70256432
70260016
