1000
17 935
295 975
444 962
783 944
780 976
250 995
856 929
368 927
484 962
906 942
356 951
857 951
852 926
871 926
368 944
712 944
96 963
878 935
918 936
303 944
76 995
774 931
400 973
555 984
825 992
530 928
784 986
793 977
584 927
684 967
25 978
303 948
523 927
207 944
584 963
276 927
276 995
2 961
774 981
135 928
656 935
780 980
827 951
826 984
858 965
631 944
592 966
60 925
388 966
303 924
899 944
783 926
275 963
820 946
757 944
683 965
820 974
623 963
593 954
521 927
501 965
8 931
113 930
847 995
296 926
623 995
285 961
338 953
737 935
251 954
672 954
872 955
344 983
109 966
780 948
473 981
911 966
629 973
329 992
696 961
594 926
838 992
395 948
467 923
543 995
164 984
62 995
584 963
259 947
389 944
39 984
723 931
10 992
591 995
545 974
679 926
388 991
394 981
455 963
691 948
22 961
7 923
739 974
714 951
151 978
339 935
412 942
196 948
72 995
169 948
304 921
793 953
454 973
172 936
680 962
672 978
150 923
403 935
28 948
417 925
147 930
546 987
433 931
826 951
629 935
413 944
356 951
187 931
545 962
600 942
118 992
653 966
276 984
383 947
790 962
256 926
364 947
115 984
778 987
784 951
354 963
586 988
370 988
173 965
824 961
575 944
141 974
213 974
295 936
244 967
572 965
483 951
582 992
285 927
103 981
95 944
286 953
393 931
212 980
884 961
668 988
10 977
501 987
348 931
814 991
502 936
817 942
259 992
348 939
433 946
294 974
412 961
69 927
479 951
136 926
5 967
393 984
741 963
119 930
390 947
390 976
65 975
787 929
69 935
725 936
586 978
739 962
664 944
73 940
252 954
280 951
584 944
374 929
111 995
456 931
285 965
781 955
728 963
468 948
475 931
793 929
917 942
697 954
524 962
575 962
801 936
173 986
251 991
307 927
177 963
363 995
288 927
622 984
537 962
518 978
255 946
863 927
443 936
462 963
734 931
414 987
412 995
854 962
822 947
838 962
172 977
525 987
406 987
526 983
634 991
906 980
302 930
401 992
836 984
607 983
428 987
66 924
705 935
101 931
425 991
840 974
273 929
219 936
484 921
239 975
684 961
29 947
563 948
471 928
824 977
563 962
814 925
858 981
537 983
260 963
516 1000
117 948
303 925
39 951
631 951
146 923
432 951
712 981
345 963
523 939
847 963
840 988
184 963
838 978
89 931
438 947
255 930
340 987
527 951
905 1000
899 940
438 955
363 965
10 1000
806 926
514 963
824 942
900 981
917 927
782 947
41 962
562 1000
382 936
178 963
820 961
196 981
860 936
817 951
793 927
458 966
413 942
404 929
546 966
39 992
708 927
271 921
406 995
723 936
106 988
672 988
209 962
446 947
52 966
68 946
97 992
629 951
837 929
342 988
253 963
116 948
690 926
712 929
36 944
335 951
344 962
733 962
386 939
122 942
844 926
793 1000
786 935
521 995
728 987
138 963
371 992
79 940
666 927
303 974
724 993
13 942
891 991
390 988
871 995
869 926
64 946
615 992
615 935
733 929
623 944
917 976
295 951
577 926
548 978
693 948
331 995
873 981
173 977
198 927
589 966
68 966
607 963
279 986
767 923
288 976
276 951
73 974
276 987
872 924
844 962
824 981
389 954
701 935
212 977
147 923
858 962
705 963
170 987
793 993
881 936
669 976
913 967
684 962
457 973
743 926
678 976
415 963
647 993
449 973
734 992
545 930
827 973
32 939
44 963
446 986
627 948
608 978
623 983
803 975
523 935
855 947
363 978
849 963
562 980
835 995
346 963
525 992
184 963
157 926
60 962
732 951
433 927
502 930
238 966
444 927
712 980
898 991
573 973
146 942
765 983
111 995
68 967
47 927
900 940
671 975
913 966
879 944
312 974
821 955
506 928
669 926
549 974
467 963
567 963
285 966
146 948
243 930
54 984
219 991
113 944
96 925
773 981
824 976
357 984
917 939
871 993
53 954
844 992
286 946
227 974
806 966
864 962
39 935
553 927
567 925
220 986
891 974
319 1000
121 924
270 925
82 975
316 963
703 931
340 987
666 978
856 924
173 967
207 927
910 944
193 966
433 986
761 928
238 966
844 966
80 983
508 983
245 926
875 948
213 947
684 944
201 976
780 980
583 986
789 921
195 973
600 936
802 925
236 973
151 939
256 944
612 942
9 967
804 966
115 931
136 963
704 927
450 963
226 935
319 928
52 921
456 924
436 947
46 927
356 966
8 953
911 940
41 962
251 928
575 963
329 963
183 962
344 924
265 926
454 962
403 946
535 976
572 951
41 963
886 974
783 967
844 948
96 962
896 961
121 963
177 961
838 947
563 986
90 974
245 935
599 974
304 926
802 962
560 926
857 978
438 963
352 987
603 991
623 928
100 962
876 926
562 929
393 929
879 929
146 995
197 962
382 930
705 1000
905 992
320 948
743 992
339 962
635 991
382 992
108 936
761 986
535 936
483 953
455 992
112 962
320 928
41 944
593 992
47 983
669 948
599 966
277 925
708 978
573 992
276 995
94 947
913 927
238 975
849 925
597 951
502 984
330 976
267 927
894 948
158 925
251 942
692 973
572 947
678 926
256 927
592 966
779 935
483 988
858 962
30 962
826 987
801 931
52 980
617 953
176 962
610 927
726 967
458 926
906 986
371 961
462 951
331 967
73 962
344 947
107 966
145 978
612 944
66 927
571 931
839 987
653 929
543 954
584 929
116 980
884 962
566 980
299 939
102 935
38 925
694 992
756 930
263 954
497 1000
449 988
227 935
362 924
421 974
190 927
573 963
755 967
310 967
32 942
324 963
448 983
903 988
59 927
464 926
491 995
344 954
797 944
314 930
244 929
508 966
538 927
821 973
345 935
454 951
781 966
259 962
456 955
173 965
301 978
653 926
202 924
840 992
363 976
827 993
691 963
573 927
75 953
389 966
647 944
174 974
303 923
346 953
580 980
46 961
141 948
312 946
808 1000
96 939
359 965
835 946
483 925
756 962
168 962
87 947
914 927
303 963
659 931
820 961
66 992
436 931
827 942
109 929
664 925
458 995
90 992
623 961
2 986
706 944
685 947
299 926
617 974
389 995
245 992
803 929
508 951
550 936
837 925
881 963
696 992
111 929
187 927
526 946
855 946
501 948
468 953
648 940
871 993
146 936
276 951
581 1000
118 961
546 927
913 947
650 963
732 936
914 973
900 987
147 925
603 967
228 948
417 987
141 940
299 929
214 974
364 983
104 925
433 995
5 942
207 954
125 980
164 961
119 986
916 1000
710 947
839 965
607 951
526 935
826 978
417 978
757 965
836 974
908 975
286 935
577 921
499 987
560 927
524 974
814 984
548 944
207 929
514 926
36 977
706 963
141 923
907 984
593 946
364 926
222 961
577 961
741 962
146 935
75 978
835 965
454 944
706 991
884 951
119 983
256 963
545 984
803 962
168 947
666 947
532 926
505 1000
669 936
69 928
826 930
871 983
708 951
778 927
891 963
448 974
825 963
104 935
141 925
560 923
627 930
388 955
538 975
256 962
30 983
475 983
911 924
905 924
450 951
783 925
443 921
352 1000
673 963
428 978
172 962
316 942
403 984
514 953
672 927
903 928
656 926
668 948
277 947
635 984
478 927
584 927
563 983
793 954
89 951
60 947
406 925
671 935
774 929
820 929
518 927
524 955
290 948
493 925
259 983
75 963
834 991
793 988
900 935
802 953
202 991
90 966
368 978
238 991
279 992
464 973
802 936
203 995
222 936
433 977
183 963
346 926
542 975
126 978
709 963
514 992
635 926
582 983
23 963
706 983
478 962
66 936
782 946
886 966
310 988
270 981
446 926
39 961
301 962
501 947
577 925
538 967
421 967
783 961
824 977
390 981
735 962
507 967
260 931
797 977
22 927
562 921
52 984
335 927
917 923
690 978
607 976
735 963
204 975
616 955
227 948
538 940
728 973
518 993
393 962
389 944
856 976
307 924
295 962
607 927
249 926
275 961
2 925
625 967
259 926
46 925
23 926
425 926
787 951
340 995
119 975
491 992
651 951
854 954
774 923
374 978
536 962
146 983
267 942
201 951
900 929
724 951
389 925
178 991
514 926
336 974
835 967
521 947
543 936
126 951
267 965
118 947
575 962
280 988
239 980
202 936
29 967
584 974
207 953
649 974
536 929
840 1000
712 962
310 965
802 983
312 954
585 991
725 967
808 992
696 953
836 951
605 977
835 951
60 962
314 940
126 927
139 966
157 927
330 975
344 977
736 954
793 948
53 965
686 927
293 935
526 926
589 928
471 978
239 951
761 984
60 973
364 948
514 947
869 962
191 940
356 967
647 931
320 944
535 978
330 946
187 966
913 963
479 963
30 986
289 993
871 954
174 978
514 940
554 967
634 966
433 931
239 924
319 928
538 1000
890 992
519 927
686 954
370 962
778 995
898 954
841 951
307 951
527 978
680 962
584 973
468 936
316 936
600 991
275 963
669 935
802 936
828 944
139 948
53 992
