1000
199 330
510 540
428 742
202 403
703 706
403 722
162 531
572 624
223 325
563 826
260 648
502 744
333 620
72 285
38 207
563 722
493 609
142 542
784 968
535 780
902 940
45 142
153 159
215 510
473 722
780 908
147 329
567 622
294 576
478 482
249 378
112 181
142 153
20 878
406 540
28 260
12 917
201 331
392 427
348 597
178 479
584 801
54 458
416 549
269 706
785 933
754 946
30 201
388 529
440 919
942 996
425 936
99 690
202 411
396 834
440 825
634 675
3 334
326 621
76 726
153 661
51 243
552 768
551 620
351 545
686 940
904 969
363 665
941 978
131 542
401 711
487 940
482 587
657 795
119 215
521 866
278 655
78 567
448 531
541 691
737 978
48 977
408 882
587 717
317 931
20 980
552 747
937 963
326 927
610 824
405 708
513 977
262 551
459 700
793 878
172 479
164 931
352 572
49 495
263 749
281 920
695 741
331 591
915 994
92 757
586 757
176 243
97 392
904 923
599 770
11 758
270 644
269 308
641 869
295 653
270 406
416 935
462 929
243 361
123 130
186 241
264 839
152 726
274 384
285 422
561 904
44 287
53 142
223 433
583 680
25 323
54 791
176 545
147 284
740 890
513 561
419 748
427 831
517 894
260 662
562 988
33 363
87 221
101 489
27 622
153 620
770 880
622 699
61 147
141 437
368 879
232 323
59 518
124 834
109 374
207 909
317 557
279 852
197 986
411 440
122 653
3 256
214 925
639 988
949 999
265 595
587 812
722 949
586 628
614 960
223 706
300 810
28 131
89 622
957 959
510 576
495 517
542 697
187 749
278 988
510 965
122 754
147 331
291 727
48 161
36 397
498 983
246 690
462 824
249 563
397 957
576 779
369 539
373 959
182 742
419 462
666 920
291 416
408 544
521 612
414 794
317 937
284 462
36 706
27 963
356 509
552 557
462 687
157 615
95 141
204 207
557 844
686 942
56 175
706 919
565 621
202 828
184 695
517 957
451 937
36 135
895 900
128 138
974 979
632 963
532 540
712 902
560 639
706 763
614 808
181 281
391 722
607 782
385 583
644 655
204 441
411 919
23 329
458 886
138 429
186 662
498 890
317 712
749 839
56 420
20 639
658 699
465 708
588 879
36 41
368 692
706 921
109 895
73 325
392 465
83 636
336 339
123 645
373 825
706 919
74 622
339 824
454 777
542 864
184 754
498 498
37 89
279 326
521 956
73 729
278 473
560 827
454 736
99 440
607 729
94 671
325 890
334 808
612 736
322 676
312 831
94 359
700 928
388 671
765 988
340 587
266 810
359 761
917 969
176 379
317 920
310 878
297 379
696 740
864 905
391 758
94 465
14 619
428 588
535 764
61 630
313 902
563 678
76 677
417 867
419 587
462 921
181 315
347 373
62 917
143 795
489 582
336 933
261 861
765 977
278 602
83 311
147 356
253 614
253 609
329 384
260 762
515 769
83 135
72 791
73 96
150 462
541 643
65 644
729 792
124 459
206 671
187 823
176 756
285 602
278 824
242 852
529 620
791 857
22 634
82 873
181 564
67 810
264 397
488 515
328 779
12 110
433 937
153 615
588 711
876 931
44 143
118 253
108 563
459 541
591 940
110 647
405 986
487 563
502 539
408 419
118 676
431 801
72 269
22 929
334 824
864 919
440 448
142 473
353 764
330 956
310 782
201 395
12 562
403 506
392 419
408 832
890 990
122 243
181 272
762 931
127 936
358 666
687 794
758 877
686 706
153 607
78 852
433 729
130 610
271 873
459 898
122 124
278 333
282 607
76 968
56 968
204 204
440 487
547 586
127 472
457 612
329 393
262 448
706 770
498 926
143 785
756 931
317 996
379 582
304 738
473 825
141 665
323 1000
282 487
735 740
729 914
584 588
98 110
101 959
73 825
473 612
777 898
539 960
150 743
20 518
602 957
352 731
109 232
539 900
748 795
145 472
572 719
191 960
137 731
173 427
284 986
880 919
710 748
385 812
587 831
14 441
621 780
754 812
691 972
161 655
635 869
539 965
232 965
511 934
311 704
281 812
187 697
205 903
402 584
77 378
792 962
178 972
321 351
607 848
840 937
92 692
695 906
409 521
609 626
120 886
428 825
320 611
653 750
491 679
587 831
703 848
35 535
766 936
369 382
557 896
340 704
416 988
453 779
576 785
630 630
506 521
414 824
320 531
745 960
594 898
22 143
150 427
12 888
583 690
359 450
271 397
365 405
138 624
610 712
127 131
300 763
138 339
607 764
143 897
599 716
35 331
702 933
563 742
243 246
308 866
193 745
264 704
409 712
308 396
364 699
321 697
184 757
176 784
232 718
178 402
403 511
826 917
25 441
130 181
118 652
420 785
748 959
351 420
622 761
355 779
56 281
241 526
358 826
83 902
457 780
66 754
350 510
263 451
27 182
336 996
38 876
347 453
348 914
657 902
632 957
695 900
279 759
181 621
597 630
257 355
571 622
221 587
740 825
457 563
142 937
144 181
197 955
157 977
265 525
256 487
223 513
729 852
1 320
109 472
144 996
695 897
33 697
791 877
532 832
11 420
65 972
73 400
588 710
736 834
323 517
145 897
269 634
890 905
95 888
576 866
776 902
356 986
482 747
25 742
824 977
348 967
176 219
510 582
266 969
457 489
392 448
393 736
219 419
310 437
754 890
127 427
716 878
489 712
448 713
181 739
285 722
61 810
78 634
361 671
3 946
322 657
561 717
52 142
735 828
207 396
783 836
321 572
736 895
94 242
92 410
576 965
41 108
122 428
329 491
535 807
591 619
160 703
292 576
454 541
610 665
697 793
56 792
143 489
294 776
83 729
368 448
278 542
499 519
647 840
211 253
67 754
867 946
141 472
285 873
854 957
295 671
361 529
495 499
735 822
399 484
253 882
965 967
38 591
77 694
513 782
699 731
374 744
378 791
205 261
405 704
187 440
371 525
187 594
28 498
84 317
51 735
628 726
281 866
83 690
541 552
199 719
188 902
193 864
124 921
287 579
300 621
125 621
791 825
331 642
128 879
489 828
848 879
207 931
277 740
144 572
340 571
98 204
850 940
292 847
45 373
419 472
264 726
526 612
587 946
687 742
832 928
141 355
622 706
206 897
234 384
644 697
429 942
869 960
513 680
855 879
695 824
161 265
223 462
173 365
630 713
260 644
541 686
157 408
1 48
692 955
279 636
579 928
78 131
236 699
204 315
551 828
204 974
2 588
45 827
888 920
717 920
297 587
35 408
897 963
124 882
750 999
326 329
655 843
23 517
309 793
187 325
245 647
406 954
83 532
173 272
317 615
541 700
364 423
408 552
350 498
50 675
310 615
178 658
131 967
266 517
329 841
72 732
403 409
56 678
749 988
2 111
526 677
182 671
176 535
715 883
278 308
266 391
152 336
157 602
119 401
584 743
251 988
138 192
700 741
331 644
521 610
517 905
705 921
41 479
328 908
56 937
157 946
355 996
197 807
428 855
347 458
621 624
84 510
341 569
200 506
716 747
363 891
458 801
276 614
87 282
334 888
933 977
83 582
168 983
696 708
101 518
661 990
87 582
362 706
184 369
182 905
232 626
281 841
122 326
66 973
397 479
198 554
164 416
719 850
243 954
192 304
142 202
906 946
184 680
510 948
928 999
264 754
653 855
707 875
128 996
322 876
591 678
362 937
446 541
225 790
532 534
20 125
245 691
282 610
34 699
429 612
276 742
602 795
491 791
110 541
230 270
911 916
20 355
860 925
260 271
316 508
459 513
186 852
437 488
147 459
403 933
35 869
25 379
124 792
173 891
246 937
763 782
54 898
20 764
752 944
219 266
369 465
584 756
41 122
12 824
707 822
164 568
759 942
325 959
388 790
595 712
761 934
388 588
356 609
977 994
246 855
153 392
563 691
36 321
65 956
918 978
125 159
97 602
671 986
206 620
744 812
428 591
348 717
653 751
153 184
161 459
567 785
187 289
53 790
478 831
313 717
401 457
551 769
122 325
697 918
157 191
283 827
48 588
729 731
382 826
409 561
328 355
59 340
308 336
221 843
142 704
99 579
489 802
562 946
434 634
234 252
206 428
565 668
801 937
310 692
38 253
147 325
727 898
326 904
545 695
329 380
428 954
118 441
243 780
317 844
251 551
702 917
201 539
465 484
130 722
368 677
127 742
262 276
297 946
34 754
285 294
472 917
187 313
232 812
582 834
72 529
782 888
127 988
293 323
245 563
125 253
529 695
332 717
127 320
552 797
118 539
409 644
176 739
201 521
124 300
75 792
315 704
317 918
83 588
56 732
519 937
200 999
584 812
565 671
293 506
20 515
315 332
408 583
691 898
120 552
48 910
424 762
529 795
680 766
275 864
246 890
695 756
326 465
428 931
960 963
77 272
101 329
109 465
336 692
355 917
285 666
165 241
408 738
785 792
249 765
12 41
138 630
446 502
214 671
303 902
768 828
204 341
97 565
147 866
291 723
53 584
700 792
374 433
124 722
170 583
591 801
362 978
722 931
542 719
