1000 998
335 523 632 219 995 656 481 590 506 534 112 595 157 954 474 781 97 575 857 929 651 241 162 944 969 861 873 529 583 783 496 758 662 3 848 831 286 78 305 56 705 720 738 52 355 117 85 110 819 479 678 424 795 66 233 820 585 739 255 8 98 500 579 257 240 323 427 822 240 301 60 521 243 558 632 928 20 754 948 731 743 977 834 427 92 312 159 256 432 3 882 170 649 58 221 447 852 955 688 1 201 582 55 812 274 341 686 602 763 145 507 686 252 447 285 784 59 104 254 778 120 987 445 151 376 79 396 984 815 556 32 872 416 890 122 856 872 713 512 272 605 355 384 13 965 466 935 470 984 194 741 619 894 562 681 775 944 739 29 934 192 187 163 446 684 653 6 160 562 958 55 158 152 29 722 364 443 904 80 379 170 938 604 157 472 120 187 364 686 329 430 575 99 537 859 426 802 594 136 536 760 141 876 113 114 31 541 708 460 986 953 323 89 767 927 435 801 316 612 919 354 669 929 453 536 70 444 583 732 89 426 81 1 514 267 816 664 188 663 774 390 95 570 916 754 773 50 124 828 354 333 902 811 743 533 319 832 229 170 521 394 913 94 74 869 98 953 281 186 801 881 537 255 791 390 705 104 580 406 197 111 777 211 151 367 302 813 432 177 131 827 165 456 185 688 283 748 946 225 769 938 205 418 332 217 208 576 873 490 571 591 273 764 835 591 293 295 801 748 585 311 909 218 256 913 851 686 279 62 767 340 140 950 370 127 519 895 733 306 208 812 590 890 275 762 479 629 161 565 317 71 43 131 566 256 982 561 813 224 410 673 505 78 704 732 732 150 920 434 301 33 186 352 539 870 113 162 791 189 87 997 657 288 623 758 523 723 348 106 563 413 277 959 758 543 790 439 618 3 279 407 726 647 308 862 432 785 830 805 952 165 474 721 183 90 734 261 757 493 347 14 996 373 832 321 167 258 959 286 110 399 80 651 734 598 358 111 47 533 149 501 141 490 149 15 596 589 650 390 735 397 320 554 952 856 803 385 949 248 648 895 419 61 427 31 6 72 759 36 524 813 307 14 120 330 612 918 934 6 857 668 134 613 184 83 386 876 681 558 83 890 379 657 678 710 175 865 364 528 829 424 223 908 703 891 66 693 55 182 878 921 537 830 885 822 122 585 614 893 817 809 256 656 875 816 936 836 444 578 227 266 391 679 903 599 361 993 384 954 876 524 480 552 881 517 533 687 531 706 101 280 431 724 506 475 293 648 129 486 857 709 503 328 776 788 411 593 557 753 109 494 816 849 688 120 359 41 930 742 85 695 255 666 556 499 533 628 950 559 1 617 583 511 735 541 265 638 85 794 520 86 792 785 375 320 150 646 494 905 387 234 422 248 713 172 760 468 977 597 561 76 594 401 959 593 471 923 117 582 54 821 887 874 301 903 121 524 241 640 909 714 504 327 359 390 407 99 724 351 378 10 785 16 29 952 216 883 976 627 677 664 638 138 889 303 760 948 947 510 897 693 135 54 126 314 159 676 499 708 447 281 676 835 351 189 691 818 54 306 208 846 567 878 498 831 78 930 185 935 555 574 471 37 338 266 556 436 667 768 983 551 779 229 974 668 258 737 424 26 395 578 3 10 964 249 671 897 146 463 132 567 706 850 898 264 766 293 591 244 526 362 248 41 861 161 149 544 423 558 956 304 399 518 305 508 302 479 437 891 265 896 528 128 863 262 211 73 314 509 94 471 902 45 41 808 504 725 422 325 416 199 331 962 656 789 835 51 863 763 996 17 327 366 499 284 528 655 854 395 887 724 260 165 89 920 381 500 329 357 38 799 563 777 217 135 614 769 337 488 6 793 901 117 728 41 465 637 193 194 777 561 523 797 963 370 34 887 898 102 386 13 242 623 202 360 188 947 153 512 83 638 705 720 262 692 618 882 274 794 154 834 702 274 809 81 143 862 876 356 938 821 629 232 466 421 479 24 19 668 548 992 140 995 92 553 323 399 857 467 184 964 259 681 41 421 377 568 446 920 104 225 737 47 786 95 593 219 11 527 934 767 996 373 102 281 770 401 22 903 515 662 346 435 748 252 602 765 935 667 601 297 517 838 160 11 254 817 735 881 639 967 145 293 642 979 335 82 779 193 363 253 29 84 529 41 749 872 353 531 948 369 919 989 550 784 155 862 986 891 564 609 24 438 30 32 291 228 593 923 969 568 891 982 418 451 482 330 852 243 644 681 107 766 823 300 961 646 978 696 662
113 455
96 512
306 651
991 672
982 11
390 698
297 279
999 451
139 448
928 141
587 79
806 683
465 721
787 369
367 173
162 624
293 550
125 567
564 341
457 86
333 886
530 272
204 670
771 169
389 536
181 300
238 330
981 504
331 258
328 755
956 478
212 135
660 88
878 595
967 612
274 757
705 132
261 217
821 14
807 597
373 148
91 254
560 339
908 198
31 147
984 470
708 263
470 629
157 622
554 806
30 303
486 680
943 509
219 989
450 868
112 313
175 485
301 684
879 228
259 813
751 127
632 599
537 46
58 36
273 818
815 982
479 242
447 218
552 110
221 26
594 732
764 719
876 717
494 514
240 673
499 354
937 180
523 634
812 235
860 516
843 566
501 130
489 695
231 412
310 890
506 395
949 768
151 63
595 437
460 507
858 283
303 251
846 104
607 785
156 285
597 822
911 532
483 351
339 582
827 657
665 74
490 183
449 949
533 911
622 261
343 482
288 714
379 92
774 388
336 827
346 329
541 445
410 808
184 995
53 527
811 145
169 674
194 654
667 170
550 463
20 5
186 547
119 91
480 205
374 555
953 443
980 123
732 905
376 106
961 752
29 286
521 37
866 671
721 52
285 616
484 469
71 841
861 748
171 101
608 596
583 706
47 418
103 465
936 511
516 247
127 232
104 256
193 986
535 336
165 290
417 70
110 350
898 275
453 664
383 850
859 577
474 76
814 756
295 58
180 391
469 983
60 569
12 771
185 852
832 603
167 392
809 848
960 493
905 987
701 965
48 628
623 644
73 797
900 292
332 413
56 562
724 318
386 345
37 89
590 914
842 776
398 587
323 298
40 546
21 649
147 849
434 842
268 216
100 638
838 459
890 456
822 326
59 839
931 353
950 304
19 630
713 440
636 119
344 994
723 742
4 610
962 419
749 620
337 55
522 426
913 560
778 189
224 872
281 679
42 472
66 398
633 840
1 807
947 964
679 804
823 360
296 976
216 625
722 563
312 812
10 202
248 594
743 45
388 954
510 947
396 39
407 206
254 906
760 334
630 146
14 80
409 186
419 519
269 647
851 533
363 561
412 933
159 200
487 288
384 362
395 744
326 787
626 420
111 372
329 133
604 410
498 1
101 655
226 164
404 558
529 712
235 661
206 763
974 373
976 884
283 727
397 29
572 93
467 626
966 252
214 574
965 383
695 635
540 753
236 163
265 715
223 197
640 124
478 221
252 23
439 231
324 121
26 639
433 401
468 950
354 355
792 328
247 708
174 611
755 245
906 150
307 920
847 541
967 835
804 114
628 84
963 542
421 248
649 244
682 888
970 510
756 85
614 718
430 632
327 20
527 730
148 773
669 182
954 988
121 348
882 605
290 534
38 513
939 377
35 790
849 938
920 346
7 488
733 844
592 731
836 370
52 915
674 780
435 571
666 783
734 590
902 267
790 276
75 660
294 676
933 65
771 967
971 367
277 578
656 332
195 966
883 213
200 137
11 260
945 816
684 422
414 552
840 444
358 499
418 477
12 96
145 457
793 803
831 421
699 212
423 66
99 796
922 432
925 441
378 583
227 894
315 424
340 483
497 593
114 580
673 117
322 883
663 47
910 376
365 153
830 403
995 30
230 69
6 78
714 726
420 466
824 209
183 932
334 233
818 713
436 725
627 700
987 711
41 307
502 691
43 159
759 4
471 408
783 805
305 43
887 584
718 678
23 576
968 299
321 449
600 207
504 358
634 335
132 866
694 978
109 210
989 815
513 686
644 42
351 556
687 204
828 321
461 22
62 234
64 957
988 743
163 479
683 928
369 60
508 25
927 144
353 775
670 264
691 677
9 316
426 831
241 320
76 862
438 897
531 49
276 821
588 229
130 627
855 864
155 879
897 77
735 490
84 266
909 936
712 129
675 820
292 434
270 500
452 462
237 239
80 399
901 297
45 761
584 407
977 922
352 273
652 739
362 397
829 491
916 811
213 958
314 747
881 863
766 302
612 641
940 476
728 406
711 508
543 327
918 48
61 423
360 858
105 136
298 837
289 255
215 570
572 51
142 371
648 575
192 249
92 681
32 54
548 537
585 177
566 105
222 246
813 925
794 325
717 259
570 898
425 693
116 41
349 118
437 943
706 447
915 737
49 151
197 701
428 396
844 810
761 615
944 281
198 475
837 498
899 90
617 791
138 236
784 171
201 230
555 951
964 963
888 342
805 481
698 981
726 544
202 734
463 438
220 980
302 529
808 416
17 473
432 895
54 296
300 103
319 551
638 364
972 703
228 394
621 750
655 650
416 707
802 539
985 3
133 899
83 754
967 486
232 344
990 385
934 999
355 301
758 287
371 471
951 68
573 32
740 484
13 322
208 710
286 975
983 977
689 759
930 454
309 278
923 382
424 946
646 869
496 729
767 165
763 826
517 646
791 19
146 861
653 600
304 843
63 688
381 997
188 56
128 930
145 591
864 741
291 293
642 192
681 166
852 604
752 224
647 782
686 540
730 21
158 274
377 929
313 665
69 910
896 187
455 162
676 365
136 666
98 368
387 429
796 875
134 992
643 900
16 845
282 854
454 38
880 8
801 108
874 656
27 702
746 390
145 581
800 543
875 402
753 446
68 860
169 515
769 337
716 161
299 27
325 956
257 331
863 559
575 497
496 15
820 834
117 381
547 917
873 415
115 184
685 531
473 262
356 659
217 226
475 31
542 891
601 972
382 764
380 359
651 896
707 952
271 770
176 361
533 545
22 375
233 889
406 564
170 874
845 282
596 72
672 139
284 637
978 323
122 442
79 887
211 219
948 881
316 745
263 669
889 589
39 909
482 602
558 195
772 125
907 109
565 769
994 343
341 506
535 111
368 314
345 598
287 694
938 142
124 324
535 572
624 979
272 784
811 12
106 993
798 427
789 777
347 767
613 586
182 474
739 934
867 974
246 356
637 149
549 241
512 893
177 921
154 40
886 903
635 487
715 779
795 400
856 33
90 765
267 565
102 319
178 760
524 788
854 83
85 530
919 871
816 557
775 227
848 588
507 61
782 961
187 709
841 188
833 502
342 338
862 215
505 467
620 2
81 405
169 496
253 525
495 305
191 658
870 781
553 856
190 645
603 458
704 140
772 885
571 190
598 250
569 609
904 100
150 128
668 733
929 838
205 113
429 409
442 268
408 380
606 720
654 667
137 417
839 991
400 489
256 157
768 107
168 461
518 618
145 969
275 24
82 538
210 62
131 492
2 181
12 668
46 913
413 724
557 554
914 50
189 10
394 495
207 652
3 631
911 94
44 220
477 175
725 619
661 944
610 907
172 998
612 696
693 379
986 430
709 553
50 836
107 505
250 716
737 225
218 528
8 81
958 253
556 64
459 675
318 308
311 17
992 460
472 722
262 176
921 310
618 746
589 736
659 778
243 357
308 160
788 902
850 87
28 384
894 640
520 352
998 728
680 877
754 126
871 521
932 131
926 833
25 349
582 404
534 185
65 522
375 67
55 315
993 960
884 648
229 904
278 633
546 289
719 450
366 873
93 199
559 663
742 428
196 518
692 606
87 311
579 940
405 923
166 549
173 238
503 501
744 878
975 34
619 973
225 152
266 306
456 116
872 819
935 607
941 71
78 817
574 9
350 122
924 793
616 948
776 134
834 916
777 802
440 389
402 926
260 452
868 243
677 194
664 798
485 18
279 347
492 196
727 179
164 214
160 112
519 154
869 172
385 393
662 758
563 208
702 704
152 617
399 573
757 309
650 682
451 16
320 924
431 809
979 621
24 526
973 935
335 847
251 623
720 662
393 312
123 990
476 453
544 517
392 699
771 892
70 829
771 772
825 99
747 865
391 568
361 464
427 735
244 520
403 1000
357 828
631 919
149 523
57 945
458 13
509 653
1000 178
338 959
700 692
18 585
481 880
615 927
997 740
493 795
658 774
526 240
445 801
593 294
568 687
599 800
629 143
448 824
97 439
330 317
444 614
577 738
551 766
765 167
126 35
77 643
895 257
609 158
803 120
446 237
611 271
258 908
645 814
364 374
819 697
576 340
762 363
946 962
441 57
955 786
511 222
12 912
674 411
401 825
88 608
135 955
799 985
120 859
317 59
464 211
745 792
239 968
242 425
750 642
586 931
129 855
817 333
639 953
525 73
415 876
141 431
74 291
797 636
462 82
773 168
891 95
249 156
209 685
457 851
748 830
370 433
5 378
108 867
561 882
697 939
95 918
538 97
952 503
153 203
488 468
411 690
359 579
466 269
203 6
33 901
280 7
602 723
671 942
779 601
143 193
710 823
736 75
781 280
703 548
514 751
491 705
605 789
578 28
678 494
539 749
500 984
771 857
255 284
625 295
264 174
562 270
738 689
486 996
528 592
853 265
865 524
785 223
770 870
942 115
443 613
72 937
67 138
36 762
144 44
12 366
34 191
422 941
959 414
179 480
903 436
786 277
161 799
89 102
118 98
688 846
957 970
536 201
245 387
826 155
234 971
741 435
348 853
731 794
917 386
140 53
