1000
350
140
97
123
220
237
54
55
3
73
498
33
2
828
727
15
984
196
151
10
103
776
860
717
109
206
947
82
71
981
762
938
899
952
0
13
771
78
458
911
230
874
367
87
100
939
747
824
313
66
17
45
68
481
23
271
306
103
440
293
50
897
23
975
28
11
766
998
128
909
542
1000
832
277
2
318
744
18
902
384
782
42
769
147
214
19
575
319
40
337
907
900
107
234
825
863
962
177
734
354
955
46
890
267
742
777
182
748
372
743
851
161
81
678
47
213
270
93
125
134
101
409
994
738
816
59
133
715
257
385
12
968
26
165
15
226
21
787
570
763
695
999
118
800
15
990
758
26
473
65
837
374
119
931
49
716
688
9
820
212
214
254
856
162
40
937
416
794
812
278
718
416
68
412
76
170
866
436
214
134
733
773
77
779
107
786
702
154
1
212
786
53
49
163
153
37
834
113
258
788
870
903
165
121
947
433
799
254
15
903
48
357
991
203
702
911
755
770
94
832
236
61
112
808
351
967
325
148
9
147
334
32
991
280
230
62
129
207
762
142
9
849
346
367
185
207
268
270
181
126
922
779
47
97
150
776
21
61
24
249
920
727
102
59
200
136
86
211
371
393
206
33
998
79
890
305
86
103
957
121
266
33
752
222
168
45
241
14
798
143
216
888
800
130
296
47
947
679
229
724
174
967
683
9
919
141
154
866
701
682
90
39
77
381
329
140
109
233
915
110
795
64
353
144
151
738
818
9
818
181
29
5
42
48
10
196
163
757
189
889
201
874
89
421
173
151
2
920
45
834
22
226
60
926
870
924
756
329
61
119
22
43
51
15
22
10
55
40
37
747
453
47
118
95
213
172
107
89
254
100
541
64
55
975
2
270
973
167
5
186
208
892
259
805
900
185
30
912
52
974
875
844
872
787
254
27
907
980
973
260
834
260
375
767
174
455
67
979
540
749
275
20
715
868
3
799
118
210
197
853
836
803
229
336
45
1
1
683
776
5
87
329
26
67
89
7
92
679
451
131
240
944
242
482
417
847
117
14
6
63
951
49
683
9
264
43
334
410
228
180
350
337
104
713
715
16
704
960
934
259
648
154
43
291
761
364
768
444
21
806
22
392
334
882
2
229
8
165
281
716
89
103
914
12
39
737
705
41
948
996
982
143
379
627
1
58
693
988
589
210
217
998
859
544
891
93
120
928
835
10
10
38
311
697
61
327
85
133
922
767
209
92
26
122
96
390
204
529
753
269
122
951
820
191
751
841
925
107
729
797
830
341
281
93
218
114
345
1
158
991
21
8
820
517
37
79
34
805
62
278
937
32
14
914
817
266
809
682
472
3
252
108
241
767
861
30
154
315
107
49
92
4
820
17
905
968
42
957
36
122
97
181
218
50
65
692
875
760
824
182
970
31
228
683
900
726
852
8
135
907
306
3
743
107
159
241
925
83
258
118
8
931
217
840
287
351
202
971
48
878
47
844
905
724
750
72
16
118
805
798
16
573
40
64
211
945
4
188
217
95
29
69
193
910
701
25
11
316
52
793
160
356
58
221
856
85
141
698
204
826
54
740
174
851
82
79
697
8
100
236
901
188
63
518
165
742
28
28
85
34
11
155
983
22
598
197
959
807
103
149
123
71
561
920
746
23
929
290
106
26
225
331
9
973
3
280
356
256
192
174
118
994
210
98
133
136
166
175
206
68
743
370
944
352
58
868
745
798
512
309
689
5
788
909
299
115
778
308
106
340
869
104
889
706
185
940
56
856
162
27
868
723
412
32
805
406
243
541
3
188
172
540
364
526
86
992
267
10
142
167
119
101
220
147
491
75
3
98
862
820
65
48
56
36
180
9
157
272
486
333
151
337
948
361
42
74
928
968
204
475
259
1
391
209
53
934
52
318
293
793
112
842
903
38
695
69
307
27
19
379
684
437
859
93
818
41
13
867
995
17
803
28
699
30
803
10
61
764
178
203
910
464
999
367
54
496
681
59
74
21
745
99
253
715
883
957
262
100
793
18
140
22
283
537
303
5
9
22
6
831
914
527
342
410
14
230
553
920
468
34
3
324
152
30
26
153
957
119
138
952
954
37
134
12
101
915
966
873
520
857
790
814
744
266
458
33
148
195
140
588
22
16
80
866
709
112
342
293
199
52
201
757
35
139
91
117
990
481
403
53
257
679
407
454
26
755
560
3
6
27
328
46
713
944
551
897
3
433
942
273
949
739
48
41
208
851
296
269
897
230
28
691
240
61
131
882
30
6
951
54
