10000
7683
4641
861
9510
8866
1112
9984
3120
9090
7165
342
4302
848
1438
494
4835
8886
9657
517
3230
7148
9533
9924
7995
557
50
3898
131
243
3317
192
8911
435
65
9580
8579
1415
7623
9856
7121
383
390
2709
3505
1945
8096
2564
261
7656
9444
9369
4916
2075
5237
67
685
8115
1784
9023
8334
1726
1288
7772
2240
9374
3947
7149
8852
7249
2502
1122
1929
89
8538
194
1365
2118
1590
409
7689
1940
5930
1284
1371
162
7332
5802
7294
2578
3745
920
9848
2859
8570
154
127
1621
2003
7850
8592
1594
7778
1722
324
1536
3220
541
149
1798
234
110
228
8172
1295
189
3441
9000
127
4210
2816
2732
9676
9130
1251
2174
5289
2179
7840
7404
4131
2207
283
288
2435
1013
237
78
3095
1805
8323
1170
844
8993
676
643
1571
8765
1662
341
9927
8402
1366
8433
572
394
8375
9062
5961
1519
2218
2513
886
3825
1482
2248
7944
443
9323
943
27
8080
3146
835
8619
1654
190
5517
132
2428
1083
1727
3081
929
8065
137
322
3052
3650
905
7914
3091
817
8663
5500
9012
9692
8764
6631
7750
1986
2803
120
9250
671
162
7246
50
2496
8162
4621
1627
8006
2196
9452
990
7167
4971
3937
1247
500
5611
9084
1330
9163
3591
2469
1226
181
679
521
493
7267
5315
1066
9389
4519
678
852
1765
7446
9179
9069
315
9133
5226
9063
34
8039
3
6647
3511
3028
1802
327
4119
2811
4838
1398
2515
75
346
2434
8876
624
328
7494
5858
1357
7538
107
3165
9820
9493
950
4018
117
8287
538
4235
929
25
3095
1679
8327
1705
7636
2244
8515
2632
7533
653
2396
1096
555
349
3690
8542
7679
2634
173
2071
8527
7661
1429
1459
1623
1042
387
7837
1144
1643
3033
3561
4528
2171
49
7439
480
9760
38
155
9070
1871
8287
8804
7810
3064
4033
2613
353
5387
2194
2669
317
1622
803
8463
704
3589
3408
9389
423
857
6201
1455
8234
182
9024
2762
1557
8226
9606
8909
5041
2579
2248
9708
1156
8010
1198
280
9969
8669
7776
1579
2753
817
9901
7502
8649
1267
6234
2337
343
9732
9108
2007
72
1976
9704
31
9475
1873
4622
3065
4237
801
2103
8910
7277
4723
579
9696
723
1370
1
2369
186
9215
7412
1460
1175
1059
9481
8016
8992
332
2950
949
7298
23
9498
6400
1355
9533
1468
8752
5686
146
5234
1809
9602
9574
9228
865
657
1742
1307
721
170
4667
2825
94
8151
7673
1446
51
3836
7193
3638
730
1829
9638
1824
9940
7999
4130
359
644
1180
1865
7583
9689
9573
1062
1459
9439
2007
8234
441
599
1649
259
60
8319
2224
568
2057
212
708
2639
8775
1503
7135
7556
875
5104
8470
4578
111
434
3766
8292
2798
185
70
8467
2997
2917
8020
1723
8525
8727
8588
38
8204
4839
2719
9603
827
2216
870
927
7298
9238
3283
7703
9794
473
9574
2634
1183
467
415
8848
1616
108
702
7606
2514
3420
59
90
3532
1214
7274
134
4326
809
2151
4278
150
1384
1826
2274
7495
8547
5040
1062
9733
4143
9093
663
1422
538
759
1195
60
979
1244
280
2594
673
8672
1212
2424
136
4110
724
7498
1408
2278
9359
7781
339
3052
1030
1218
3570
2351
81
2112
1453
70
687
7934
3445
4541
3258
3402
993
456
8342
1605
1479
1158
824
2807
8661
923
2756
2535
2654
8395
8638
123
33
1981
1065
7985
3929
8715
264
67
8006
3168
3572
3403
1333
3383
3237
156
122
309
36
9287
9048
7954
1099
30
8528
1684
8926
186
4255
9701
1325
1153
8453
1844
5661
6628
3305
2684
1314
8544
699
727
8298
4365
7691
9527
15
6169
8142
7545
7123
9955
156
138
93
8870
2625
8482
1164
9930
1038
1137
7870
1711
1541
564
9806
2714
7471
9496
4587
3085
9963
1960
273
766
1359
1460
177
1464
9041
3054
59
2671
1503
323
13
1434
9097
9529
1026
277
3869
225
83
970
8857
7712
7462
5232
2185
591
1523
774
12
7755
347
595
3457
9770
378
2187
2042
528
7448
1538
81
834
1200
386
8689
7440
9863
428
8554
135
1431
7778
3728
3414
156
9262
1833
1835
601
1113
81
9135
7166
1150
9713
1780
9842
5774
3481
8973
737
920
4742
1299
2085
885
9450
2600
2716
114
2648
1323
8635
263
2435
2281
2360
533
4772
872
3662
9152
19
1765
1943
5202
9623
890
2333
3884
8716
3351
949
901
3203
381
8403
8057
8674
456
7157
135
1462
1972
8464
1157
267
1115
1526
2161
1292
7335
233
9095
1024
8489
2976
9611
2909
87
8937
3320
640
2068
3042
1347
9330
1046
2750
406
7621
4151
176
9907
2577
224
666
414
4551
141
1634
2247
1052
8142
2309
9821
957
1606
1292
287
4515
574
1535
1100
594
347
649
9770
1846
826
434
4418
4116
2083
3160
376
518
8189
8663
807
519
8474
1050
4711
11
239
341
625
1324
784
973
2745
514
87
1363
493
1679
7960
2925
14
724
3720
245
7535
2675
237
586
8845
5868
9946
9840
3274
624
3091
9937
633
9081
1424
23
6162
2377
777
5189
836
5
6247
9032
7170
9659
8074
3256
4976
7198
8096
313
287
1049
328
9369
82
778
3943
3874
7698
1299
3196
274
2828
3785
9653
1847
8436
1608
3859
1511
3610
711
189
5188
1559
2007
72
31
1287
2268
2053
7232
7719
1663
519
9336
572
859
8505
2900
7708
5437
94
2196
1165
11
5499
1510
7669
2770
4655
8261
91
2175
8473
518
9806
2196
7233
283
412
2177
3542
7
4098
791
7960
9104
7585
5676
7682
2342
1231
703
2865
22
219
1045
3992
610
8653
5557
1351
7276
8049
3601
7936
2757
695
723
1829
277
2027
973
8891
1287
868
140
3174
805
1888
3083
574
9654
4033
1142
8165
793
7952
8953
202
9121
1232
3814
1672
928
1655
1631
9973
435
2478
2982
700
3212
7609
2688
2437
6097
4605
3059
5171
2944
304
323
8809
7510
8674
159
575
1450
9953
5143
434
1777
2416
8352
1171
4674
9292
7784
8570
889
61
9821
1580
2635
872
7550
956
162
2099
7591
37
501
7166
675
8917
8294
1251
9696
2580
1270
216
5153
1820
4670
205
1975
7489
9678
2490
8166
8516
139
7670
859
7721
445
174
7816
1824
276
16
1751
254
1384
2710
7850
3966
9942
1179
2984
3485
774
8171
7838
148
4656
464
3940
7730
2784
7559
6473
8354
38
2395
6138
7849
3013
31
2560
1613
8364
5
7784
727
8732
4014
8304
912
4982
3301
5115
350
8428
2055
221
7515
9473
630
2789
7727
837
3727
2912
9574
7566
5129
1953
641
713
166
9553
2946
4874
8785
5460
2910
8
8480
1005
4175
543
3411
7997
8445
4401
63
1932
8793
9266
2711
246
8168
1688
8659
2966
3751
675
2600
805
17
8853
362
2135
4922
4680
735
250
102
3920
349
1067
4209
16
1925
9226
2774
18
8947
9330
3794
9789
1971
1721
2944
454
3169
619
733
9668
9674
1858
2852
7582
3931
473
241
34
2133
8311
663
215
1670
133
919
7838
2142
1250
2078
9072
931
31
156
9525
3002
203
7598
940
9780
1600
197
5256
8475
9786
2141
7512
2062
9070
7279
8853
7138
5275
793
3593
9871
103
505
20
5936
3779
1889
1982
912
1284
1669
1170
499
155
9401
769
457
8372
62
9187
1439
137
4600
990
241
7119
1680
7545
267
156
7805
1763
799
7465
9726
2199
8201
5952
61
1070
3148
1791
1628
1919
7618
9979
8339
7803
809
58
1706
7131
2434
5462
1089
2817
8029
119
894
1159
7190
3558
5592
1513
7143
3492
3127
976
9691
988
9381
8147
8901
33
381
1026
8042
1833
9196
149
1382
5252
2163
51
1645
716
568
2321
386
1748
1245
349
2114
18
1591
8967
2282
234
7166
262
2530
1214
2833
9128
47
130
2490
9
1955
8984
5088
2978
9161
539
3758
3484
6047
7284
5040
2490
3396
1216
882
94
3063
9752
7743
2847
27
1007
411
210
7840
3428
7799
1008
2007
272
59
4593
4770
9502
9326
770
9524
8266
1553
7976
358
65
8895
8733
7557
26
9207
1005
3582
2106
776
1544
3611
1632
2595
4512
1046
9446
95
9525
2650
869
2873
3216
1461
7767
9267
471
181
545
32
1189
1437
158
105
4304
1148
3255
569
1258
1706
4327
518
2998
7406
8872
6499
8444
4053
900
5985
92
367
7601
2416
9767
3743
7843
2402
431
1152
1819
5266
8969
8
395
174
573
2262
3185
1091
456
643
8737
83
9514
5077
1134
9201
8122
1120
104
5573
3241
1594
7412
1804
1248
8290
294
4603
7895
5085
7263
9476
9367
5611
3699
326
2594
458
181
1658
9323
956
7223
8813
7227
1041
100
3195
1336
9568
7960
550
9506
59
7118
1172
9264
3736
360
9766
331
22
8741
8472
287
4334
8106
1276
5398
8314
9130
211
429
255
1690
8107
635
7935
8788
1128
3373
931
3866
1978
3757
1558
7652
40
9966
2069
7558
2146
8378
5104
5262
9560
8471
2889
442
8692
116
333
2803
2248
366
8179
252
484
1948
2549
3664
7163
1042
906
8522
4629
2309
272
8263
50
1625
3557
8952
2785
2685
1002
9669
535
8678
7221
3914
2012
2190
7269
1801
507
144
537
9365
9913
8608
1435
1040
7857
1198
1287
105
1694
8233
9048
280
8219
447
1434
691
2743
8057
9940
768
8816
129
2235
1031
2632
1225
9795
7890
1433
7889
2282
3
759
1979
5189
615
4019
7464
9043
4068
1069
1598
1627
710
1889
222
9348
1955
1877
9921
1943
9949
265
9792
7674
4651
1860
820
7323
599
5130
965
956
386
584
88
769
9587
1667
9192
8170
17
2597
808
852
7619
9465
4417
8053
94
9753
816
1733
749
2134
50
284
2090
149
8569
261
858
347
7409
479
63
3559
4196
487
501
4815
9133
946
1422
8845
5438
9445
8620
9317
501
2812
2809
8827
2548
4226
246
1075
1993
2223
558
9623
1579
33
4081
3290
3396
568
7544
3779
7747
561
1542
7132
8653
3300
84
7857
7199
619
231
8677
288
1216
2569
5845
573
9564
198
9001
1410
101
527
23
2903
399
1096
2817
9115
526
136
376
7485
4219
734
9516
1720
591
9540
712
152
9020
9669
681
2
3286
115
3281
2933
2698
2228
8825
344
2941
268
594
8880
132
3494
3851
635
231
3401
9146
3147
7866
2043
7980
7522
8425
2825
349
274
853
8658
3751
9475
8452
7617
8925
7726
695
170
1379
8097
9649
60
4406
1592
453
4562
1759
1825
4204
1389
1157
1103
2577
2467
7466
7815
104
1684
103
606
1292
3911
9684
861
719
3428
9039
444
8985
9721
3555
8708
1060
3830
6327
7183
4175
1981
7783
5127
9
2553
2593
625
1167
7178
2385
7529
164
30
3250
9408
784
4266
9004
9489
8038
137
1054
1753
7691
725
182
2217
1643
8632
8214
7354
628
121
8368
1574
3284
9710
3771
2
9080
347
474
2655
7886
1342
3790
2489
1098
357
8394
8246
9621
315
2409
2315
8543
72
9372
3045
857
1764
5160
3866
9311
8168
2155
3919
7395
1098
878
2334
1448
851
3933
9594
9714
8175
9192
2588
7675
1113
8988
9410
2035
48
3311
1269
8121
2785
3544
4649
990
4707
9022
939
5349
994
1352
1490
212
897
78
2471
4894
2750
7169
834
1
1583
148
1278
7
3777
221
7480
4011
394
4800
1068
42
2117
2032
2214
1552
9223
4558
1922
1560
691
8894
7363
27
7857
2941
699
3251
717
335
646
9756
1569
8060
2226
650
8793
8650
4532
672
1113
259
976
7331
9475
132
9783
7911
1072
1237
4434
1821
165
4385
3476
1967
3751
277
420
147
9202
9020
5060
7873
1771
4886
182
1702
4096
1180
103
315
3554
8636
8751
8746
3724
4543
1786
7725
1827
931
7579
506
7287
2263
1190
1219
1129
370
7390
695
999
452
30
2418
7968
3598
1775
674
9544
3865
117
1028
2433
8236
902
1101
3056
3345
459
1822
7125
949
4783
336
1964
3040
1697
1429
1301
8267
292
4407
2413
9639
9620
8231
7429
163
4632
1868
4836
680
1090
8218
2090
8853
755
1455
1677
70
7890
4565
19
8502
735
1021
1525
8328
9765
9640
385
7673
189
298
6368
1342
9445
4110
5718
7783
1400
311
1400
1879
2058
7339
9973
3395
4936
276
9571
5279
5052
8098
5789
712
7366
1673
7791
402
6529
9871
453
7829
21
7658
2920
7706
9570
7966
1069
3098
9173
4133
609
8386
8175
18
9
101
195
1687
2690
2052
529
8955
695
7483
8304
7842
5124
411
7936
2256
3841
7509
9257
7951
9266
4442
342
7790
3414
9042
9141
1028
9345
1578
8018
16
2914
9666
1944
231
1352
9281
379
1900
1268
1991
3004
9272
9423
694
7215
46
7414
1121
1733
1099
4687
1811
8107
9566
948
1145
907
7510
808
8554
3621
7751
7631
97
2357
4937
8556
9224
8879
454
3382
652
2544
7403
3041
8097
2381
1202
182
9059
29
8167
567
1200
1045
5127
2181
4418
3136
3511
6068
5043
2669
3147
8728
1017
1424
9010
1500
623
7416
557
8719
84
7469
6677
9429
1844
726
2164
2098
2177
303
209
3177
569
414
974
1001
336
570
954
6236
7302
1193
2024
1064
144
9075
849
437
255
9712
9748
327
421
1389
3996
150
9782
242
2354
7155
1185
91
3003
312
1358
5073
1819
501
6633
8949
9987
827
1610
7293
7407
3028
4439
3177
3647
2787
2116
1154
419
5268
8645
1246
9018
35
225
392
947
4102
2765
3724
8252
911
596
3727
3183
1144
9231
9820
110
8232
9616
1812
4002
9194
9672
9030
691
1297
162
7961
7227
214
4556
9802
7252
839
2016
4131
301
1882
1399
1125
8292
838
508
2286
1170
1511
237
490
9324
3340
2143
873
999
9706
9589
8015
591
3389
1616
236
37
8288
85
407
2565
8107
17
293
352
1266
95
1145
8029
1272
7876
2411
191
2320
623
3506
9522
1778
7980
6099
2120
9412
2209
1187
6258
7235
944
341
7970
8041
4465
990
4867
1372
126
811
1824
3251
9463
561
1753
445
9041
8592
143
1641
309
804
1598
665
7651
2271
3327
301
235
8503
2153
1529
2182
149
1179
7415
359
1372
1380
2228
9390
4666
7910
3116
6694
8159
1733
2158
8637
1162
1125
1485
8640
8467
3074
784
235
8982
9881
9178
23
7597
5687
1022
115
2140
5660
1829
2239
5331
1155
7117
2162
9673
609
9044
1403
9851
3160
1192
4745
824
995
631
15
860
8062
3561
1654
703
1183
563
4669
3221
36
3490
9914
1735
1474
564
3699
3788
8161
375
3199
691
9683
142
1243
565
783
8760
9303
2327
2564
1360
9843
267
1800
949
8623
9535
1215
154
135
4189
3847
2096
1482
628
1440
9450
2326
8834
836
3998
50
788
7865
4686
8132
590
3104
1792
8162
8398
3842
88
251
5870
420
2038
9662
9801
9601
3166
22
58
8192
9873
1190
949
1179
7501
2882
7710
445
3794
9381
2007
1324
2745
3334
4051
9342
45
1982
8240
8326
129
29
2638
593
5496
9571
1437
748
5082
1233
1277
9351
8843
9161
9678
9859
509
467
35
282
468
4163
22
732
7490
7424
963
33
8412
3333
96
128
578
8831
76
2011
1290
1513
2855
1169
5778
3810
8746
7590
430
3928
3797
3300
1247
5
2771
9043
1716
153
9747
7750
9373
5106
7573
172
2609
535
8443
52
1023
310
914
4191
1524
2248
6107
9452
2393
3014
9139
1595
4199
628
2937
1751
755
5401
2704
8299
102
9312
6576
7666
519
2781
2613
265
2395
1427
399
1192
9394
1190
7474
8589
1335
7559
7612
92
7495
694
3805
595
7675
1104
752
1335
6619
2201
8182
8261
281
763
7480
1103
548
3936
67
4673
7828
1312
1364
3345
359
1950
2318
8932
412
419
192
111
2285
1674
4347
500
3757
4978
320
3558
790
693
7452
1648
1884
678
8081
3519
8477
2790
5479
9564
136
1131
8260
937
66
3078
4
576
473
113
1144
9478
1956
664
996
303
21
8430
7767
2286
7413
2276
1298
3247
4257
1178
396
3530
2203
565
733
96
78
9282
999
918
8771
13
9643
7329
8857
7290
109
3657
3308
8034
1116
7222
8155
3231
7901
4205
3199
4240
1745
1390
30
7426
204
1842
7184
7940
525
1220
2578
2325
1719
1190
20
8593
7294
1193
1437
629
55
300
598
8647
2247
9538
1613
625
9869
379
2984
7752
1068
8996
789
9597
8633
869
449
3124
4563
45
2346
2051
3804
1345
849
289
1968
561
2724
1297
855
588
845
1306
9324
8516
574
1479
1119
895
142
2126
35
2001
756
1395
4563
8625
2322
1565
858
8170
7524
8255
513
319
7891
498
2654
990
9749
8753
9130
1981
8291
293
161
8200
9790
1021
50
9149
509
9558
7191
3300
272
837
751
2415
3406
3462
7472
322
300
8918
7687
4110
1901
8680
78
2040
9147
9879
579
2216
7406
9889
662
911
8400
1169
8641
3545
3922
114
7265
3052
5901
751
1037
4936
9
7985
4934
946
7503
579
3894
4844
730
1415
8178
2010
514
7586
1126
950
2563
52
5120
8685
2518
72
836
8771
2219
934
8193
964
1348
385
1058
2777
3671
8923
249
7960
5104
125
798
9802
9532
552
1242
7232
7522
8490
8586
8875
9613
568
5112
1582
5676
5109
39
9020
479
9120
1845
6675
4778
1300
675
2123
1514
247
626
1201
8103
1442
756
7567
4462
8894
682
985
829
936
9955
293
4723
1089
4556
2360
4367
2862
8167
9221
9983
119
563
1589
1469
3876
13
1710
9
5032
999
1339
4361
8072
173
7805
9845
3279
584
7621
1129
7336
1570
287
358
8015
637
3022
68
3287
2757
190
223
671
734
2506
624
7256
761
178
6653
246
1931
7613
2115
9891
1575
8735
786
637
201
2596
964
8096
202
5437
45
3059
4
3679
3725
8363
162
8085
1785
158
2251
282
9902
5380
8195
1281
6729
4403
419
7798
3002
1121
9557
24
7989
7963
739
1383
9296
7385
2260
400
261
1137
1478
428
8665
46
2351
7692
9092
1257
480
7651
122
1498
1532
254
516
1803
1369
9285
1799
2218
3362
1045
488
680
3834
1367
900
8954
1313
9033
1697
1651
3588
3080
266
391
900
59
1050
3627
2684
56
9510
3894
3621
9968
243
5702
911
2124
559
1216
488
9865
51
9440
1531
5726
2600
1923
9562
7153
66
1274
7738
7592
466
12
7988
7969
30
556
108
73
8916
2165
2712
259
2182
403
7819
1233
518
8734
8604
7924
3484
2343
1207
178
1771
9396
7423
2795
1960
924
8259
849
202
407
107
3315
207
3138
5483
135
8328
2524
8117
4308
1053
1085
44
4947
9545
2642
1488
10000
8335
36
81
700
248
2442
29
8735
3522
4664
8912
4397
9834
9479
9839
7
8770
4588
3449
7531
3218
879
1596
2815
484
8943
8120
3632
9332
9382
8427
265
2902
7437
631
203
9682
221
9329
8098
955
7286
988
2212
4964
1147
502
5494
3175
6157
7331
1115
8469
447
413
371
4295
4294
7838
9986
2285
7342
8362
253
3295
3568
2149
895
353
2354
871
7756
621
8590
454
725
287
1597
8144
1234
1092
278
8952
8730
84
1546
2681
3768
4332
7814
9729
3218
9373
247
4262
264
281
1814
4416
1833
558
1158
3222
63
480
2449
3271
72
3651
3400
5344
157
2693
694
8648
8123
8345
1288
1005
4204
217
9703
7126
86
1006
9678
456
72
50
743
7961
433
476
1146
613
363
808
1133
2975
8917
139
728
9950
7462
72
429
3981
8143
459
1422
1810
9048
708
8535
3643
2292
1783
7263
1794
1301
1010
2414
210
8204
2663
9878
134
1825
1325
1541
2426
9631
8365
2596
1095
1367
2686
9803
286
7406
613
8846
2595
2615
7629
7793
280
12
9632
8661
70
9477
8919
4029
8454
603
3187
9439
472
7010
1222
1540
9690
109
7253
8469
527
9522
4300
1505
305
9252
366
2183
158
8482
7858
5078
7362
3872
395
1612
8710
1742
2730
9664
1616
1471
8851
918
7935
9869
2306
5702
2529
1136
1322
983
5135
17
2080
1687
9411
7980
2989
2980
2783
8031
8665
8547
2757
1424
1631
769
9674
182
7566
7504
5366
9957
8
813
5235
737
7203
4680
705
8280
6085
907
1061
292
4343
7984
2896
5185
639
8762
8080
8839
5055
9844
7810
266
2547
9485
1261
1338
3581
2690
1864
3983
4695
3318
2572
4474
7529
1020
228
7766
9960
7683
9612
7183
9914
8668
3201
9494
238
955
8255
1745
201
483
912
2116
1824
7419
8740
1651
3235
4846
8380
3128
560
257
7831
2827
8820
17
259
3291
8003
918
713
1717
3434
62
7
9136
1602
2070
8005
7238
3855
1392
1056
3890
222
9708
3701
1762
17
25
7370
1274
4045
4323
1090
7186
1532
3144
9816
342
8340
8645
4770
7530
594
447
213
3058
5183
7402
4084
1312
5360
557
1166
881
8322
8266
8208
140
720
32
1173
9943
7450
6084
2878
2530
593
6571
722
8563
177
5323
3134
2466
7808
9474
4121
7834
110
307
1613
288
9882
9224
507
1364
666
800
9103
4832
4865
7988
321
7460
9086
346
335
607
8991
8990
7294
9482
6018
7354
39
597
9728
732
793
542
981
2065
1764
326
7141
347
1486
1225
2406
3379
8929
2498
7511
1851
1473
64
7991
191
3017
7156
1674
9564
314
9128
4216
8498
7604
5277
9305
1475
2456
7455
7179
87
2295
883
8902
59
7289
5102
2845
749
639
7872
8734
117
2064
7146
3311
15
6684
0
7614
2123
1350
2125
9410
125
3315
177
1121
7923
1433
7965
876
565
675
8701
5553
9120
7723
594
2648
579
199
1803
4756
6
369
2539
44
8220
241
704
8929
2485
7398
1829
4338
3813
3904
1845
4834
4750
7256
90
5865
9756
6445
182
9106
7933
6323
3388
81
3220
28
1188
9574
3127
3213
9753
7157
1301
2222
7875
8396
316
8505
1574
4185
398
2084
924
9506
9379
2885
893
5492
8896
5716
1770
674
9013
498
2579
3856
282
33
853
436
1633
2668
8619
52
8384
193
1935
69
7541
9172
2115
1220
4034
600
5849
3658
8137
5873
1491
7913
8320
2452
217
1355
8369
5714
2292
1021
2159
331
221
8603
13
1885
5895
4699
8809
2973
9559
37
7762
412
3693
9855
122
7284
1933
1998
2732
7270
4245
672
498
1213
1302
1558
2870
8740
464
636
8577
5746
284
7275
3724
2068
1131
1931
8265
1847
759
164
32
8520
252
7230
1738
123
1343
7516
1995
7959
8939
7479
1958
9641
8185
1949
1348
8206
8518
7799
1237
4731
9545
95
2644
1015
68
1797
180
1966
1744
8680
2707
1937
8895
8949
375
485
8430
8120
4920
8483
2913
1697
2003
39
2195
7662
4043
5368
766
9363
9648
260
1386
1512
9232
1171
302
20
249
3337
8382
9340
2585
8976
3127
8545
1933
10
184
1088
119
2994
1
104
1472
4412
258
1202
764
9914
3559
3766
631
9652
1027
1646
7960
8843
778
295
9532
9110
33
7997
9059
5716
821
3733
5260
166
8382
367
1984
7786
1760
764
199
400
7620
8626
8860
7408
2140
1825
9845
872
1203
1302
2993
1696
9792
9634
295
564
7547
467
497
197
832
2025
3617
4608
2943
323
3015
612
90
9328
4008
788
1343
476
972
1116
1128
273
124
513
8917
3000
313
5397
5775
7462
8544
7618
3370
3000
2282
3
4660
2458
108
8872
3195
836
3583
1567
1847
2970
700
184
1836
1087
2532
523
261
9975
7338
8789
7255
566
48
936
7667
4404
7515
8441
7193
710
2558
9160
8262
1682
7517
9202
9002
7858
4761
1463
518
289
1508
591
26
2534
224
74
203
244
852
3718
1414
291
3511
1611
6786
284
7316
8603
5304
56
5315
1812
910
7375
925
2236
7787
648
8146
980
397
162
157
7615
7172
1284
9670
2657
533
529
4091
1033
46
433
1413
2098
8829
4
154
1517
1028
4825
528
9856
9187
5157
9360
8532
394
1524
385
374
1072
1512
9588
7298
2489
9709
7870
1023
7684
853
7879
130
384
4908
2541
2372
826
813
2275
7348
4275
8791
8651
1550
620
675
99
1437
1267
3804
4798
8145
1679
3758
2115
14
3580
9918
9498
778
9185
2228
546
625
1320
1916
8075
3195
1619
456
1627
8128
4817
9585
1592
4708
272
533
9723
8715
899
5329
169
8040
9182
89
9805
3095
2600
4231
8408
8176
1125
1987
4846
273
189
4997
1032
872
8287
224
370
9555
8500
9143
139
8890
2762
963
9599
1885
1263
541
552
2226
258
7450
3388
2374
9731
1230
4641
1052
359
2964
367
7171
8300
383
9004
7223
8
324
3602
1658
1846
317
975
304
3518
9951
5600
563
173
1300
814
336
4073
275
7671
144
1676
9340
9291
579
8686
172
4112
482
4050
3303
67
19
535
326
1621
636
175
9434
654
1166
688
863
61
7408
5064
4545
790
1720
61
8388
318
7939
680
4777
8
8163
4499
8772
499
7571
7549
7669
8797
1528
733
5012
1014
8715
9653
448
445
9608
7939
44
8276
2002
7355
139
3617
18
871
7814
9115
732
8509
5056
7576
2650
4703
7
3647
3302
3628
462
112
9210
6594
7979
2272
9064
1766
184
9141
8380
9661
1490
1498
2516
8312
791
8923
8984
8292
3206
69
578
9304
930
1074
2657
5509
7190
4805
109
7119
8690
6595
167
50
7731
8519
349
481
7190
302
1459
704
741
7591
64
3345
3233
4074
8955
845
277
8823
922
7966
143
8659
187
7285
452
8180
5739
9236
1246
4117
3646
9879
1152
1188
7121
1628
1218
1240
171
1080
351
2419
8071
8440
486
9132
369
235
7933
427
507
676
8718
1201
9003
17
140
3630
5262
179
1841
644
118
3247
4607
8539
9412
2638
7721
4927
9040
8666
4372
119
9261
8333
7432
4364
371
5
620
3293
4367
7719
260
8170
7576
4436
8288
8224
112
8447
8946
2927
2614
4019
5673
9127
598
7510
8084
2183
1301
9876
971
2577
4478
9311
8977
2191
472
8190
1348
1856
1884
1326
7249
2879
231
1318
236
2224
1819
8891
8881
1674
2402
1126
707
16
303
9079
613
274
1865
2782
1820
2516
2290
2144
49
306
9529
2464
588
8142
7198
4587
202
754
2102
8859
517
768
1607
844
440
4318
791
140
2914
1803
8980
8769
431
7731
281
238
2618
9307
1129
3322
2026
411
7528
95
240
3587
2981
9320
242
3220
9544
4112
565
7631
2
91
207
137
7499
156
8111
202
293
533
3419
1564
9409
316
9849
2957
218
793
4179
760
1779
2285
630
8841
466
8007
2326
8255
7982
1574
149
29
4779
45
1998
2060
44
2279
306
7961
674
246
880
2719
33
63
7688
555
7283
3009
1990
7919
7691
583
1652
3844
2119
9018
1680
578
158
4291
4207
541
8412
8221
1013
9175
1549
7794
8382
1608
9722
663
2638
282
3258
785
7294
8886
994
8521
8730
1534
7880
3097
2062
794
8204
1335
8829
5063
177
4563
3752
8771
118
296
1718
5291
1851
7209
9991
7321
4118
7687
7132
397
794
7586
2199
2188
9590
8216
8062
7540
8184
7602
3271
8762
5073
5206
229
9285
4342
9043
94
1252
2080
9308
963
48
4993
6108
8692
8842
181
211
2393
84
781
212
7598
93
8267
7509
544
8077
2312
7305
7818
1496
462
2648
1141
2876
4450
9889
214
70
7880
9111
352
9232
1435
5372
1461
2
337
957
1863
7690
8105
539
1178
272
2645
1123
3898
2499
3339
1596
7934
445
8805
8934
294
8956
3903
5031
1490
1502
2494
860
1092
8841
9464
45
720
9429
1655
80
1897
122
1774
2755
7543
825
1292
875
1221
8202
3657
382
7633
3854
191
1463
9670
132
921
542
1212
2967
1147
7380
136
2630
3691
720
1778
9842
9251
3742
9549
3503
4746
9172
8542
5076
3422
1919
9849
375
564
1053
1437
1747
9043
8862
1586
1157
3728
97
586
8154
387
5358
29
1824
399
3452
1599
2005
9437
3
227
2802
998
8134
3306
707
8259
3178
916
91
9983
7297
29
169
9364
1110
9371
1464
806
1313
8158
515
1086
2069
1078
386
234
2259
2498
1467
7564
711
699
7368
7860
3516
673
2090
9608
3766
7560
9720
2461
378
582
1596
381
8577
3020
7120
3212
3213
9858
125
1969
9196
540
7309
8039
1958
7830
9926
2266
910
1973
8836
12
2089
395
2823
642
4747
8224
2308
8632
696
3046
2816
8619
8629
565
9734
2107
42
7912
7629
6072
3385
2037
3684
9316
887
7116
9000
728
6157
1934
8967
3006
7985
7577
3682
8025
2239
56
147
2786
9973
7416
1724
68
5032
167
278
1222
359
9920
118
3832
119
338
2834
662
1585
2754
486
9513
2234
7869
5715
867
409
2309
3457
7344
225
6102
8123
2837
332
4929
8906
5833
3584
351
50
9427
334
8120
1557
3456
7615
5870
3649
554
4500
9870
9024
5632
1207
8603
491
2454
241
92
1576
8232
6026
8699
9657
21
5415
2531
696
8523
343
808
95
8104
4774
844
405
496
2366
9920
265
7985
5429
9844
8731
8351
7972
250
2808
3488
1547
7229
8825
131
7460
2004
763
1718
172
1430
3879
1227
661
2888
1814
317
1071
1947
44
4935
7195
9586
2838
485
5540
5794
3293
2426
7586
8403
8857
3900
615
1718
8251
2772
1080
50
1049
3357
7817
6017
470
2977
757
3876
1199
2176
538
1705
2119
759
1776
172
1709
2910
8803
441
2602
7574
2516
929
3205
7165
851
7875
121
9086
354
3942
3169
80
8995
441
1513
102
1508
724
8293
1486
780
9295
1017
3344
3764
9039
902
1612
110
7675
8891
7901
191
7991
2902
1280
808
9369
272
966
3038
3042
922
9760
2673
3175
838
2804
12
9319
160
8436
119
455
517
5343
3680
2171
954
3172
266
897
125
7789
2118
532
1488
1434
1641
9264
514
8603
7954
8850
6418
9184
2908
9016
9520
9075
365
2948
7641
4992
9944
9084
2285
9284
9486
3499
2152
811
1713
9112
513
684
1805
9547
1210
161
9867
6719
9766
309
2353
8594
9809
9
826
7665
737
2399
2908
1139
881
241
7160
3895
9262
8256
2807
791
1493
2314
2283
154
9296
8015
3058
482
512
5175
1469
8700
5456
7319
941
8076
53
1474
681
1126
1742
3679
1073
2448
1430
1429
1419
9005
8427
1995
9167
2584
9486
2997
2598
1507
7826
296
9216
824
127
1031
1310
51
3182
9786
688
3541
7867
3387
7593
7553
9063
8235
4239
3004
114
84
2672
110
7279
546
1936
4412
97
687
6275
7244
7919
724
1526
2178
490
4416
1227
511
205
1827
3206
1517
70
1948
7917
4674
338
2832
148
953
1995
7505
468
7701
1204
8871
1415
41
2613
9044
2235
8030
70
86
7122
476
8199
1292
9470
1049
76
9757
431
9094
9000
3939
3940
8236
724
1296
7565
497
162
171
3977
8827
291
1594
8641
4079
1206
1115
8486
816
4365
5964
3791
1374
4007
8856
4403
410
2083
7655
772
2735
740
8025
9862
9164
3242
9171
1427
1532
1051
1068
1183
4762
1012
9828
88
3822
288
9470
5029
9839
3316
45
650
2078
6019
3246
104
9491
7226
580
46
451
8270
3323
1600
9344
3783
9525
1439
8326
274
501
2260
8840
7685
1938
1181
8838
4768
9060
5657
2778
8949
9714
32
2602
1526
331
8255
147
3694
1151
1834
1988
2085
592
3299
2350
9854
1206
109
7434
4697
3177
9421
8380
902
8270
994
3598
4791
994
1295
4229
7420
58
8204
958
9142
1781
9926
115
1345
9777
3785
7582
108
1513
2139
161
8312
112
143
9429
2497
7
2818
1248
8211
7887
3454
1177
582
9801
492
9877
2216
1252
947
2297
7782
1119
3721
9884
7475
9195
1977
3767
510
7716
521
7873
6474
8398
633
3336
859
4537
637
1763
9661
891
7881
1797
9400
334
402
328
1639
1941
799
9323
1046
9982
8591
530
2694
2993
5104
2876
8406
192
349
8147
9969
357
729
3986
9921
1450
9386
1723
538
8464
8295
134
559
727
3278
56
4002
2138
916
3141
2385
223
1360
491
1710
692
3569
1846
1150
7283
2215
8403
4366
933
9404
9527
2803
413
8985
1270
1467
5137
8619
1027
370
243
8292
2101
9415
2354
897
1084
9683
1058
2545
7608
6330
7241
8094
1215
7589
1419
1912
9385
1787
1607
1166
617
1497
9666
2746
2994
1277
9174
8155
1995
73
4
71
3174
4021
8847
1267
3368
281
139
508
2520
556
3042
1989
1146
8098
1811
9206
771
919
1645
8595
216
157
4114
490
1201
3884
581
7770
5649
1493
253
228
2226
148
6091
9723
5020
864
1496
9964
7658
714
511
1462
641
5501
8928
8606
1262
427
1748
2025
88
8982
169
572
357
780
7752
3293
388
9324
4673
447
8892
1734
1815
1208
800
3791
1741
181
3121
3249
2295
3078
2171
7787
349
1296
936
3370
5377
9118
3524
1184
157
1517
1221
1065
1951
710
1998
7954
143
7330
7903
8433
8181
9215
560
791
3940
9377
4029
311
9009
685
7852
8062
439
7533
831
1055
137
1081
357
7332
277
1543
708
7608
213
9225
9983
1557
7959
8808
48
4732
7323
195
58
1275
168
9686
7420
27
8979
2605
1007
1379
589
831
810
1295
248
3900
3558
8917
9888
8397
1733
9473
9773
8913
1745
71
320
7565
373
89
1022
317
9972
2819
382
1549
2199
4673
1491
9123
4174
9865
7240
7203
9340
1858
7421
8567
7866
1146
1191
63
1558
8202
2779
1806
904
4582
291
8822
8183
2842
8361
802
8831
4816
9206
440
2876
1304
673
4925
8620
9347
2943
4967
2372
49
9730
7554
1117
1367
2968
1047
2045
7492
1027
3549
473
3656
261
9223
6496
7951
3402
1148
1108
4164
1807
7791
64
359
3572
8899
527
1560
17
8220
2967
7769
1165
421
352
1567
7316
3995
1668
7835
16
977
7876
8295
7160
4588
527
104
1276
9957
1419
9939
247
1716
228
1721
2548
25
8606
1658
760
2924
1427
5742
1898
2749
172
7870
7332
367
610
592
8599
9041
2880
3492
889
2435
1049
8665
7730
5407
344
2621
86
1497
1434
3135
8527
5539
7224
9785
176
2136
492
9752
7773
1483
3699
1355
115
298
2775
8444
6137
3781
469
765
2500
3236
448
8235
9972
402
9122
566
3992
190
1912
3584
694
9549
2429
2790
57
1826
1831
6580
2602
7513
205
8428
476
9108
1930
1426
9061
2051
5031
819
2283
4222
346
9
2165
4238
656
7315
8037
367
2127
8860
1500
5615
261
7680
2203
597
9359
5712
1405
8342
9734
2476
4614
711
554
2977
7918
1255
741
711
9777
7998
3157
3924
8810
172
9193
2449
1541
8196
9716
70
9521
9067
1164
9684
3587
3725
9405
2241
8486
3570
7594
745
2313
566
8741
249
99
9074
4608
235
8429
839
7781
1511
117
930
581
8021
4078
183
4735
4700
126
8037
3607
1
3530
9041
8146
1759
1229
1840
25
9839
485
9458
1280
371
59
9069
878
9116
627
9881
9751
3759
8226
810
2545
1886
611
47
23
8938
649
1041
121
1582
7133
6
1
4718
4725
2032
8487
1058
8774
9318
7386
5609
2952
1502
6343
1436
7880
364
9058
9023
868
1023
319
1560
1099
552
9200
820
709
291
9008
4540
1926
8127
156
289
122
1116
683
1698
692
8
9292
1373
7495
3313
1790
2872
2397
339
9602
8220
7535
877
3607
8631
9370
2078
9182
3744
932
4546
758
1215
1136
283
9717
9791
2790
7698
745
3325
1811
618
314
2510
95
109
104
889
7193
352
166
4231
9614
4
942
300
55
242
1674
7292
589
8443
2838
765
2627
3404
197
3392
9147
3844
130
806
1887
1009
740
2946
1253
1376
9406
137
1822
985
1206
8801
5872
915
9035
9609
3091
1207
8402
4460
62
573
9553
434
9018
7201
2338
1490
10
1061
8066
4148
8
4162
2433
9070
1126
2245
106
740
539
527
9887
487
160
1335
8236
195
805
5061
9998
3840
797
2335
7830
740
1006
552
444
2442
3590
7986
724
8809
8373
8553
7971
41
1067
3530
2721
1902
7333
1859
6736
2637
9936
7934
875
8687
1595
2043
3173
6027
2053
889
170
3377
9071
448
7935
6344
8475
2099
499
325
9427
9534
7655
2185
89
3569
2963
358
9325
4599
146
209
7601
625
7984
2622
34
1025
1427
1989
1650
867
6357
337
9450
2811
8077
1737
3453
7609
9462
9603
9301
667
5943
1914
1734
7971
1335
4510
1295
8054
1884
479
633
3227
716
8932
8222
701
9092
194
1098
8264
5
655
2771
2398
1934
1120
9356
9188
360
2304
454
8407
1066
7317
4228
4945
5748
55
9846
3483
2905
757
540
1819
4383
7175
7552
36
2742
7782
564
5844
8744
9672
880
237
321
226
326
4570
1083
3879
9375
3425
9527
1797
8312
579
2
8888
1249
1731
9887
2907
8319
1950
195
200
8896
9259
1180
4552
3026
287
8074
422
4423
7349
4
3742
1721
1435
8696
8573
4056
1076
7543
3569
8564
1970
1039
9993
125
3907
753
930
472
3109
7579
2782
414
9267
96
806
1419
3735
1636
522
8088
229
8039
4207
2273
8902
1871
398
1445
2034
33
472
2343
1351
8594
210
108
1913
910
2014
621
290
791
9749
858
853
9960
9408
532
3300
501
527
5528
3215
2491
196
7497
346
374
1396
9631
9769
630
500
9002
3183
2220
2566
2153
8294
903
582
3559
1136
3981
864
7966
259
2913
254
1771
9514
937
7162
5045
9360
10000
4959
1716
1170
5310
247
9327
9570
490
7374
9184
658
1154
921
3423
2582
202
488
2967
392
2768
3699
2483
787
1609
65
7695
246
502
1083
8080
1229
7785
302
8531
4964
310
4458
477
1502
1414
9427
5274
1930
8573
7154
9510
8454
893
7373
7869
3042
2348
3195
285
5254
7486
3283
745
611
237
3007
12
1263
3335
714
133
1836
8111
4142
70
110
539
8847
8632
153
8002
354
1937
2098
8697
1123
9358
7317
4733
57
2856
4
37
265
636
733
9694
9589
94
186
1235
4215
5626
3847
3708
742
7291
7693
1504
8691
2482
2869
6375
998
7153
1782
769
4087
3109
9350
1287
8465
8735
3357
563
5499
9257
7654
251
115
2534
7826
1932
1530
885
7677
8248
1394
7573
2287
3836
3447
1106
1149
9523
1778
9615
501
1669
140
831
8696
677
225
8266
2662
9483
350
711
9136
3371
1628
16
1187
8307
7721
4109
187
958
1114
8271
934
8854
9432
9590
278
1315
8547
7366
1510
509
146
8529
7931
7737
5110
7739
3980
4917
9666
8635
7766
4766
8279
7279
7961
2842
7662
7760
9869
7704
619
8212
9064
1270
4058
2697
1734
5
73
95
207
4148
6991
8823
3927
350
1034
2760
4195
70
3771
4557
7722
800
599
1609
79
5111
7242
1459
9370
1662
888
8451
3327
2252
433
2745
2848
8733
2159
9311
842
9607
4
4563
3115
273
1287
1321
1763
365
9942
160
8276
2060
8172
898
8069
9897
5175
2990
1410
8912
7128
306
3393
8399
169
1132
1717
47
2887
9776
483
2125
1338
8271
230
1306
5362
7259
1645
8911
2703
9817
7533
64
349
1829
4728
9045
2017
3009
1652
920
3896
5520
486
3299
3457
10000
1689
1032
8248
5172
1029
6
9249
1114
4028
4337
3916
3336
8756
1246
2355
1344
5
501
7800
1654
3872
194
9335
2354
1402
2834
1164
2145
131
2743
8625
5190
9019
985
189
8156
309
66
2618
1754
7989
351
3002
2174
2224
1476
1316
5729
9792
214
7703
7159
8516
7563
4544
7292
989
2217
8796
8590
2064
4264
614
2209
4440
2816
435
7752
231
7961
557
6639
1691
7141
178
178
380
7416
2029
8529
2816
4710
3378
891
28
559
249
46
4530
1662
2555
9391
2317
1350
2526
1756
1207
728
39
2231
174
3899
1440
4887
6218
7347
2261
1897
568
8019
3904
603
8089
1078
9112
92
2856
3760
135
3830
7266
2367
3265
7311
1145
8900
96
4664
1561
1105
1003
171
1343
8862
8767
8024
9127
340
4459
1111
7336
8005
1857
8343
406
512
638
1211
5116
8534
1173
1625
1915
500
9274
2756
467
2300
1914
9475
955
88
82
529
8326
9155
285
29
7471
7575
8635
2153
7667
469
114
9059
3049
8361
7675
9960
421
9757
171
1013
488
1517
2533
8080
2111
7380
31
2585
7894
963
1326
8327
430
2536
5029
8265
1031
7412
1019
1245
7735
7225
7213
8465
8939
1418
8751
4042
7834
3462
8268
2363
8441
262
1148
903
6
79
35
1068
8656
7558
2304
241
2004
2773
1468
7295
75
260
686
676
162
756
4299
2503
402
3654
5584
1901
4600
21
119
661
2491
7526
8049
7862
178
2398
3291
487
4
72
8726
2352
1449
4858
7751
6587
7599
3355
1196
8172
4219
967
8635
644
440
8685
706
2001
7470
7376
4037
861
3688
453
1140
5303
2167
608
4820
1358
428
9062
5254
109
1859
960
55
1918
3187
2189
7682
100
673
6034
7163
1294
4014
8918
1297
3340
1709
2210
9959
1082
381
7853
1637
9238
1780
1238
95
5589
2456
36
9029
7512
969
3180
51
2659
851
5703
9891
1565
3475
96
9509
7542
9403
7299
1116
9267
1377
3177
2159
3437
826
53
22
1433
2208
2395
1924
8528
5611
7430
5277
640
3367
2745
423
257
1884
3666
754
210
3712
7940
1984
566
2497
990
7915
1194
8580
182
9331
9766
3737
853
246
7820
2810
923
829
565
2896
1783
3920
441
3409
933
7794
8812
361
2707
1110
3223
7731
159
9491
272
5
7310
8460
1863
18
9590
1395
8998
216
9543
624
170
3681
7352
5152
595
9171
1349
110
9416
8770
2943
2628
2209
1117
5530
649
84
607
9849
1496
1649
4044
1195
9260
8609
2800
1717
986
189
7769
689
537
593
4019
35
1660
1435
1837
3147
106
1454
4485
9302
2927
8849
9562
1884
9399
1343
1846
316
7338
4763
348
8068
9837
9716
7939
670
2047
2995
554
1974
2844
7216
742
9763
8120
8325
8425
3693
7319
9883
736
189
3504
209
9695
444
1319
254
9217
9754
2956
2318
7796
2873
3797
1747
1524
1836
1868
535
8093
1604
698
9620
262
9524
9233
3096
3492
5504
5539
976
7163
7313
47
7322
6
6738
4289
1022
7958
3942
2738
7803
7625
1320
3274
121
5760
775
436
250
6449
9971
99
7856
3377
9518
1032
9938
2053
10
8
9985
8448
7589
202
580
8969
441
8442
7765
3483
3261
9531
2107
9624
7372
9933
6373
86
764
190
3056
2466
7822
9567
1783
377
930
538
301
3209
8418
7346
1488
645
257
3476
2332
9166
8173
83
7
2434
1592
3990
164
7731
243
8937
361
51
688
4004
9517
7280
4013
8996
141
426
2764
8208
282
229
7393
616
3847
366
2393
3755
4217
7922
9267
988
2114
2239
4172
7798
7176
1714
1441
3080
8695
9435
9376
313
49
807
1782
4136
701
360
5604
1327
1401
3901
2687
4599
4892
3019
2915
753
96
782
836
8418
1776
3106
4915
1086
1581
1639
419
1310
9318
8997
9119
1053
2381
1319
4655
775
9353
1323
2441
1330
9290
3114
549
2753
9919
7739
1394
2813
1287
17
2150
9973
678
1874
8047
3438
2619
714
1148
2799
2478
2343
7796
3495
5029
8495
545
1193
65
8132
7232
20
362
9927
9192
3005
979
6633
2645
8926
2708
2120
125
1320
488
9596
875
709
604
1337
2620
4172
1119
89
7885
4129
2532
1186
8222
7245
274
8697
3940
7939
4995
11
901
9686
5786
341
2334
2536
8232
9138
5487
9971
7594
349
137
2989
640
1137
3880
1333
7564
1106
552
9483
1273
7714
8436
63
1280
2813
8985
5189
2986
445
7460
1548
703
8058
2614
224
2776
8858
1436
7513
1173
1982
44
1005
3875
9950
8050
3955
1147
8287
7242
7691
658
771
398
7637
3017
575
81
4455
9915
8358
42
591
7689
1138
4591
9732
283
1097
2655
2211
3523
9779
5083
2662
704
8294
2446
9463
152
1955
1915
1183
822
745
8642
9381
1711
3495
578
5154
1801
9656
12
5055
4233
8890
21
5337
2185
1183
2294
341
254
2156
7390
7471
8308
3486
1033
128
3333
985
9300
7864
8512
1806
7546
535
1490
836
86
9054
1940
5862
7142
8226
9150
2142
967
65
8280
3517
2068
9143
22
88
384
799
2235
9959
8492
712
1401
9393
2264
5097
7953
6322
1126
6189
2369
3458
8021
1871
2484
497
374
2589
8329
9197
250
962
5031
2051
2030
7272
3669
342
5029
1722
9705
535
477
9863
73
8203
390
903
228
1061
314
4441
7116
742
3589
9487
8512
140
706
7521
898
901
68
2233
8475
108
3472
1152
3534
3986
10
2069
435
1586
6045
1217
2526
5554
8875
2899
328
8252
400
5739
8417
8060
7678
2340
2964
633
667
918
2459
1930
2420
1622
2748
1527
1017
9373
365
926
313
1203
57
1623
9326
610
97
670
8495
5142
941
9694
3234
2348
8903
7283
7281
9238
2608
1115
1001
8592
3077
9250
2693
2134
9107
4592
2673
66
1833
552
3784
3323
3587
4268
5252
2428
5611
980
2079
3153
9794
7334
2527
7784
78
2781
214
835
9425
2835
1117
2210
1554
515
7589
2171
378
350
3306
1624
1529
3676
7173
9078
249
210
449
4779
1342
194
57
1125
1307
198
3570
10
5168
2267
3254
9463
19
7565
8287
7631
227
320
3433
8245
9901
416
139
689
3758
1576
125
696
71
284
1877
3342
2651
8660
9873
7671
179
7560
9926
4281
821
9863
380
4637
985
4036
8302
1937
224
436
7995
830
7258
1767
271
32
7625
1937
235
3788
1837
420
8030
7897
448
644
2774
9375
326
1206
8396
2774
9647
7828
8167
1022
2417
1150
1556
7642
8179
842
760
2484
7214
9701
8561
8826
7372
2839
3446
1006
4501
4026
713
103
8033
8872
3430
783
59
7614
71
8196
3005
3110
8190
7866
8594
3885
7363
7549
9040
640
3975
325
8996
9603
641
1678
569
256
72
26
7291
9306
116
7369
4184
8652
8095
5226
128
1523
8353
4677
8962
6607
9982
140
4956
22
140
836
41
9485
9837
9692
324
9740
3534
1280
7427
205
1382
6251
4327
2401
7653
3637
2870
6583
5227
2715
1064
137
8338
1144
947
1862
4625
4707
7922
1405
735
3769
1
3311
2120
3447
8599
2914
842
7426
9240
1322
9542
7932
8159
7137
9070
1959
266
170
19
2777
2355
2865
2274
455
2081
2081
25
12
96
776
8186
8577
4170
2803
2757
5076
431
9521
5131
9147
3161
455
1135
3437
4408
1661
8021
1514
1287
2416
9506
943
561
1132
2809
8674
8895
9697
9749
2129
357
5937
780
5341
5729
990
817
475
435
629
1353
9323
1380
1641
9660
243
104
369
696
4910
7526
235
5361
2118
1002
134
1143
8597
9187
1059
504
4433
347
485
3603
111
21
598
4668
1356
2415
7572
1310
1863
9294
8979
8412
1191
4359
7947
1933
7335
9209
8072
8378
1092
30
321
4504
898
446
198
5879
249
9374
1032
3233
8479
1227
388
7530
7848
8958
344
259
7283
6326
463
105
3977
7887
2075
9990
374
1725
5860
128
1961
2045
1934
584
3101
2352
2
204
324
2388
2167
3586
4921
8613
1564
7433
8960
1272
1859
1266
8501
1
1679
1791
3010
2637
9774
8795
8650
8631
90
534
2389
9866
3010
7152
9797
8089
2977
7887
39
4938
3798
826
488
8085
1462
978
1930
421
9023
253
752
4308
9866
1545
4784
5004
916
987
923
8628
8316
715
93
2110
1249
878
7405
197
1569
3884
2276
1833
187
2095
3567
2337
98
3220
25
1115
3391
2800
398
495
8396
4736
8088
4023
9294
3669
779
2188
8462
1403
3082
372
104
671
1317
2840
29
50
7686
358
1043
499
1813
1449
438
607
4927
13
9084
3681
1552
9717
759
9073
403
647
1793
1437
989
1129
2407
8991
958
4476
467
9364
1680
9685
9492
4986
1048
7327
1019
981
853
3727
2152
9504
8259
3509
7200
746
17
958
2928
3660
8991
8182
5667
1558
7235
1346
2713
9215
4801
9005
9138
1492
5141
1246
364
2774
2
228
8741
2399
486
10
8007
9701
269
8473
83
131
30
7739
9962
1763
9095
4509
709
3973
768
2978
167
3157
3168
458
61
5157
3768
8191
2672
648
900
2824
379
9331
8745
3671
1922
2443
2124
1469
7981
9100
687
9363
455
22
3936
1745
1139
876
8294
9290
145
8217
2035
7268
1043
1925
9193
11
7584
7899
1803
1674
4684
1437
1649
4795
3100
1777
3228
1164
7381
5489
9964
9368
1181
2530
3213
1250
34
2590
7787
1442
1597
845
3709
1403
405
9529
8271
7735
2212
3502
7488
1399
2600
756
8997
7316
1152
1135
7970
2012
4091
7511
2853
4210
1593
5177
8867
7703
7894
8102
2286
127
2912
239
8435
3120
8954
8767
834
1632
1680
1194
672
2308
7632
14
8193
598
6593
8408
1185
511
3248
1821
36
1819
435
9355
7713
9809
5204
22
8070
3028
4919
598
1613
7729
4802
1736
8817
7493
9065
208
1321
281
1650
54
9729
5754
1061
8949
7141
2301
756
4000
3101
2624
4028
8501
407
1892
1055
230
182
250
2512
64
2101
294
2534
1838
618
96
233
8165
7187
1800
2104
390
1573
119
965
712
568
9881
559
697
2183
4227
7962
5039
3177
3642
3510
624
3202
9667
583
4843
6738
468
3385
7732
1012
274
1542
262
7138
7329
642
3635
420
1838
9436
1938
2448
734
3553
8466
2066
2148
2892
904
598
36
1746
596
3042
2226
8846
841
1363
8815
3608
118
344
1225
261
3267
8579
1162
1081
1112
1447
1067
1096
3591
133
3684
164
8989
1873
7245
87
61
3204
1095
5276
1325
480
7493
878
684
1374
30
185
3632
7963
1978
9994
511
8250
2788
3050
3565
8694
9561
9327
1422
9373
737
7773
7258
610
2464
8136
701
1653
8275
776
1949
7555
2058
805
5918
290
3441
1296
1365
434
1645
244
98
2219
659
2404
170
497
8460
9897
4035
1564
8013
2932
4504
277
479
2409
373
291
941
1200
4993
9273
432
3787
2818
2734
69
79
4571
18
1366
3293
8769
2031
8315
477
4382
1919
148
8519
27
5740
9866
1208
1443
1237
1395
310
8566
423
8284
9241
7400
8303
870
447
474
478
9949
8665
2122
2324
7145
1417
8457
2388
8771
882
8146
1828
7495
1355
8549
723
7146
7490
843
1924
984
9
2280
9788
3237
983
7144
1575
829
1669
8151
1060
2043
8565
2380
8939
9155
543
736
349
85
7167
2762
66
8211
1123
629
4
9106
7133
7278
7657
7336
2124
37
1621
7508
1528
1015
4063
9385
358
7298
1256
9947
30
8844
2977
9502
335
3167
1402
3975
3594
7596
1818
4022
3931
8905
2260
1971
1178
566
973
3381
2663
1399
444
9592
7654
8079
355
6258
280
8051
9468
4944
750
8951
2671
3009
7141
4504
1627
8095
4215
7757
4606
39
3947
636
368
3451
151
7320
1416
792
963
7581
8975
802
2865
1570
423
9514
8861
857
9387
9889
2889
4044
8258
644
430
138
226
8930
2613
266
359
2751
9734
3056
2745
8433
521
1418
6021
3354
1070
1009
6465
9760
8713
1927
1076
3488
755
1469
904
1372
988
1986
5556
403
760
786
2237
3640
109
4866
2089
5347
8509
9074
3051
752
1025
4678
1016
413
242
4857
1928
2052
7928
1640
7204
5668
1257
1023
2288
7630
199
3682
1568
728
588
4177
2183
190
1578
4328
3109
3689
3879
352
2542
1778
3281
405
54
1488
615
2142
4417
9083
40
3174
139
9055
1924
6
7680
2632
3300
791
189
1107
2456
2156
3893
896
7256
8594
3903
2123
496
358
580
7653
890
788
8540
8419
3097
3012
1474
845
8879
905
1555
8126
7279
7602
8124
8765
9720
1947
798
1080
1310
9963
1460
8589
60
3249
378
9167
8770
9316
3752
9731
7173
9627
9962
7219
662
8391
3244
10
75
547
7485
621
328
5676
5334
811
1974
9
2076
7511
258
9274
2508
9459
8368
1988
889
429
125
7646
576
9202
1293
5953
383
254
3529
2207
7155
598
4794
302
418
9263
7828
50
5699
1676
1418
8896
402
8337
764
1891
8565
573
1267
2665
5227
9693
4401
174
9939
260
5577
9931
3876
354
7166
7348
8578
1620
2236
9757
2395
7134
5384
9760
8512
3197
1088
365
7979
1853
9743
172
11
5420
1443
513
69
7975
1812
7370
21
7705
192
5712
1086
1840
465
1895
7874
2635
631
187
2102
66
9498
1166
168
343
62
7448
4440
7703
1240
7603
157
3250
7997
37
9065
318
111
5213
1947
8835
1367
1457
840
309
8064
7628
8738
2559
5323
4951
8009
2156
129
194
40
192
655
8017
8691
9378
2387
9717
9808
9114
8653
9268
227
9601
1741
325
1169
8731
860
1460
8554
8066
1662
565
2657
14
4705
9791
9101
191
1259
9569
79
9794
7863
3296
2254
1389
9741
3120
8909
9103
3048
852
8044
7943
8603
4832
1423
196
8402
3463
193
510
1792
9707
8919
915
9361
108
103
1275
8424
989
1303
8341
522
835
1224
2362
4386
4034
626
67
8
2650
2702
161
1005
7356
9537
1534
1679
88
7649
5593
3318
9895
147
1668
4487
3240
259
5607
780
8390
259
690
8341
112
399
1644
190
371
947
3383
691
7499
68
8967
711
4142
2900
98
3358
8552
1390
3692
7288
9153
3380
9204
3341
1638
4659
7742
7008
8421
8874
7363
8586
1757
43
3174
720
3782
1017
9508
4717
213
468
9806
2314
1323
3043
2513
9117
6462
8641
1029
9943
7288
7702
84
16
1737
4919
1659
8579
3978
9994
9404
9122
8246
696
7971
5647
127
1400
9696
214
8588
650
1299
3014
8667
1200
1850
1985
8042
2071
1591
7721
352
3417
370
2583
7363
3672
488
9631
669
533
7493
3750
66
2381
4481
692
460
1995
1224
2843
1719
4084
1788
7539
2581
816
1495
1578
637
249
2865
9006
4716
9209
8576
8737
497
5104
1004
8561
6063
1198
1533
1496
976
9499
1574
7820
9724
2119
500
3499
989
6524
9966
137
2257
8
971
1537
1050
656
72
9346
182
1762
190
7384
8460
179
1394
1079
9484
8484
5580
7644
1802
1026
4583
7732
2956
4196
5263
771
154
8567
78
1272
531
2758
5551
775
8235
9749
413
60
599
3213
1314
313
400
7223
3404
4320
5783
804
70
8301
215
9799
2130
7919
1293
1113
725
9699
8620
3135
2795
1192
8490
4968
3075
944
435
9378
79
1108
3758
1954
707
420
9348
3880
8819
1716
952
1797
2304
8795
1
2801
9894
1277
9685
1531
1271
9326
70
51
181
101
3761
7876
16
1424
1983
838
592
248
44
8950
9713
7137
172
8595
8094
1486
9146
799
1216
7427
4303
967
4929
781
1393
715
745
2819
1822
327
8030
9192
331
3174
1187
288
3399
7848
7170
198
4024
742
4825
9663
9154
8039
1388
850
284
287
7199
5128
3828
2065
1845
1387
943
9587
714
2420
2536
939
9388
2647
1959
333
137
1957
8457
5118
8843
9917
617
800
133
296
2761
353
4162
2741
9704
8994
8462
444
84
1752
5855
540
8649
6
7728
2652
1787
1155
167
9758
1
6480
7092
9121
958
7788
9752
143
241
1580
342
9332
2232
7808
9784
2155
244
697
8325
3439
8691
384
2503
3483
71
1591
4181
9231
6229
9745
2675
8465
9813
7297
8101
8260
9322
1117
516
2727
9351
945
9822
313
707
3455
3725
37
4776
4501
5835
2662
4673
3887
648
3184
708
4208
444
300
2367
8027
932
482
950
9362
3376
7238
9674
720
8488
9983
64
836
24
2325
3946
554
136
7472
1046
1591
1080
2611
319
7629
2378
58
8328
346
8940
32
124
2094
2642
2415
7685
5857
84
8017
352
1583
4157
9398
7449
1275
8069
182
13
7185
3837
605
1119
1926
3191
2126
8956
8110
7642
7780
2392
1752
4095
1231
3658
927
137
4068
2079
4785
1798
9998
1303
9060
572
1378
9328
3735
2526
8010
454
506
1032
1657
745
5855
308
2303
15
9730
761
620
1815
341
2318
1567
1808
228
1423
3567
3417
74
2407
2258
2735
9597
334
1870
13
169
9931
756
1471
212
5921
404
130
5648
9776
9394
145
9371
232
9345
4006
1983
8564
2317
9915
1973
1888
1189
1519
5187
7838
4172
7717
7338
2171
4021
2217
2448
4459
1029
6280
164
667
7721
2615
2014
7288
9248
1994
2017
2661
8100
7968
832
7343
7989
7733
8792
8505
2548
3162
2433
406
30
7904
9666
5516
2074
8
754
47
35
394
8351
1000
7486
464
1635
2619
1911
310
8827
1682
3170
3608
1119
9863
1090
8873
2894
7178
368
55
7918
8791
9844
2101
3108
9176
6280
1453
27
1951
4987
7604
7684
7656
67
7987
500
8329
480
2543
7971
1383
876
251
7719
9427
401
8400
9461
9680
5244
7434
3096
4552
9281
9818
646
17
2752
3430
3370
1919
9059
1378
1253
4714
8568
2230
9948
9540
149
1729
324
8804
4085
9316
9260
8154
8778
3876
1842
8701
7971
8935
291
3811
7973
4865
3935
8448
8319
3287
94
8671
96
9149
329
5630
932
61
7431
2014
8910
5728
122
2755
7189
2076
163
791
33
2163
2968
7246
58
7503
291
2464
580
8824
853
101
7780
9517
8388
115
1190
8214
7317
20
9716
769
10
4426
5950
2662
8943
216
428
7293
4976
3050
8809
5390
607
7363
1288
9264
185
1136
68
201
1598
90
1073
450
871
285
127
1496
7207
1998
1934
901
9843
8701
7151
1996
8193
1386
2376
4219
9560
505
63
296
712
105
3301
8565
1352
4222
1812
303
7454
5285
1130
1548
202
1725
1096
8895
206
536
973
1274
8968
5082
1935
1777
7351
242
8610
