1187.9930349390543
485.9868832086188
980.2632433370144
2172.2686953387047
611.4321733519066
590.4304904457285
1699.51457365547
717.2252141680926
1049.1314291571334
677.9324496947787
-155.53316139719595
579.5386857446457
345.76098049732536
1139.4209736409048
907.8121648984863
983.0853498536545
643.2851624146357
155.10623247316929
1305.2613450776917
-131.22442597741133
1187.4857010988999
1383.6195542840778
1101.315062009855
121.18107083978344
46.90944528849104
1521.4280137685041
2494.0762255189675
205.3643574716458
1010.3482139173601
290.92472985394414
1271.7193316544858
27.038013118665354
90.11391218635028
1012.6866435176398
547.646075513436
1039.291661874444
-164.81898176427754
177.57281645462479
337.10671868016453
180.60509368147268
2987.36269589818
953.1781211825162
786.5594360691308
243.71196149185369
194.29739626115247
2120.7879173545125
240.8084143762524
171.40788844979986
919.8111581642603
643.953269771244
1168.3431239677302
257.8249728904032
-17.00416214883637
922.2582374995549
2154.0696170508963
786.2564633822298
853.729052474571
227.40438215428603
1247.9628947675246
1534.7323881494763
318.71053875251437
416.80021757878995
1391.4017737337822
-29.209120849557365
487.50926533903026
1302.6307666066427
1371.5694751005826
718.465120959992
1262.5793439644635
726.0507515772482
1599.7926452776087
419.90124216640777
307.1808235401307
266.44288420442666
347.95441916432577
574.7146603358301
-38.279502382369344
444.66213198090907
713.3020853435677
1426.8398384911002
1724.6177577716053
1211.3764996929099
1263.9339498090094
5.635857106732324
1833.9567843644545
630.0924960044741
162.926235495211
252.55001841767734
536.9625186801752
1678.9187534901353
250.6721065554023
677.2194753674192
441.9732080909733
985.3046140385342
328.676951627938
490.5498086741909
827.1100823879366
434.27376261592696
-25.368763866559902
111.75154554330972
118.35735249274131
355.8102051716879
579.7942843092799
570.7581255169047
134.5982389099127
465.407857759164
1231.2999072852258
172.73005875712195
-171.883767640981
1077.6580561973906
808.5809368699137
805.709148131881
785.6261760542162
208.2642518837846
781.7214297301779
816.1484128312969
478.82917324465325
1239.4756701485767
87.25766506251517
1972.938994219413
326.39093858269524
564.9796009821916
1078.4584388073085
397.94966966905463
430.1065107506181
69.37478066194308
889.4344290987502
31.479332510570543
2268.565690976215
1309.4854996053955
-69.49859577889299
37.23575594542433
808.404990393044
-33.835018020673715
1256.123808640331
177.7130808135188
233.85961955843882
193.07940474938476
169.05669730568027
751.3976611342565
1386.4603106790369
1077.1497412663211
262.2196230816288
1195.3323804383976
-50.16191171182474
146.93075347925486
1093.389281024662
1555.45636940972
9.347939778023822
258.8763513999512
1092.2368583249709
989.1531279341644
693.5878432573321
570.3858542815357
58.42269416790421
386.3676203283954
-112.61178522330444
2070.1351843189227
1859.48761519648
664.8324520802024
1132.4174657764406
1344.6550331363774
352.5352516359509
372.0407088421287
1827.7258627839992
125.34488803340875
-243.78981079338456
13.788180180550626
277.6766450024043
552.3881608641323
723.4234386904195
1042.5812295357578
140.47135369818335
1086.866844657482
1736.7093391969042
414.2080423194225
745.9951675465494
462.2390041304028
2132.235658457366
329.02684954361087
-27.844788622021724
964.7006683629858
299.1934807977972
997.3758567731107
847.9507353036421
139.23637122550895
414.7188658579383
410.7971287327775
452.6853661707682
294.7653876028089
1421.997478027764
730.794319746889
211.80372238297434
207.7908547545223
226.87172314072654
1221.786618396387
-1391.6898417615648
1180.683392308602
259.36470532512726
403.41139530808516
102.10337806615331
104.17125079497542
341.59325450386797
1060.7129942824035
23.948647488002056
907.7907519773012
559.7296183440433
169.5830581255136
1204.6992779142147
25.350671152430152
847.9692971981835
702.018983413588
334.87823007320014
1488.5542301247801
863.6786951211029
121.18249148003227
947.4747584478583
1535.951390953087
-184.71817738430585
1977.786350877298
2543.146846600442
1521.4534099012321
246.76817403480612
1142.7799006083515
811.7755329923874
640.3398038333684
801.7727346635202
185.49360231144277
482.23439347557513
1339.4950820440285
1740.6500818083177
226.3607116587429
1489.5878284824043
507.5253090093581
-19.216386142041188
534.604613199023
877.5719938232511
298.0831807039043
324.70079187518735
-56.186458885057036
253.68287423576373
-27.721425154453897
88.13984058283282
722.3884551736988
407.44373913732335
958.0026524770183
116.51683862364864
601.9665368595477
324.98883135400524
303.97560563361145
1300.0063340186498
681.8060680171293
703.205322884311
464.20707405314903
368.4430628510281
235.85839541507812
661.0753978359588
2703.5512743998875
887.8397101548065
955.0803431332915
-5.343189095602146
1737.7504831198771
266.88758522820604
487.7961472396475
40.28924095699653
2558.028197367269
431.9716747820468
507.075698059669
27.27006202725468
1500.977652907177
1301.998032082503
144.1334383883432
540.0754496697058
189.8414886889481
67.14024117446229
2248.621994818777
1245.6033125003628
424.70919112158396
-140.1455860094537
228.00459536519952
-165.82381900216043
1019.8893531967896
195.64327268007696
214.588959451068
1962.9282188684992
1612.5208013244523
-34.97310951733863
368.8047816542994
918.0897713853815
142.69962006750865
-35.91020112704189
243.683448111908
933.1063309689961
524.0760601762164
78.01587306044962
1127.2039360353338
710.4601343944975
55.340641896111265
813.5912533002794
1355.9582219066538
1348.1471188840183
625.56850870601
255.36276870415531
482.95656195437874
1092.7245923591577
633.6586919831275
1583.9841769406698
667.5257197483896
820.5032181952655
83.71751307020884
272.1994987015095
84.57791847538698
577.912594573027
1386.1312106723085
708.222103867771
260.2653375690079
318.5437588601463
390.93839638824187
1910.8501538195574
534.7101936042092
299.4971117614682
173.70603844296988
894.1422715599251
663.6016461238999
297.54329145315796
893.2897755965847
1526.0497690379411
920.2657370190624
268.3659107923799
421.8359414395276
302.21825597736847
264.29429129872676
1847.1640260889458
1141.8509360441985
1233.149305502473
73.9463649021896
546.7228706174942
782.7781574190132
1446.5114574131399
375.3729078629219
420.49317431930876
1488.7367442242844
-33.76114290982292
1957.3513210356596
747.8438269216028
220.72463421677668
-185.997570904789
539.1818357807954
331.8931562328579
394.26053850547424
643.3843960178176
317.5024411731242
1291.9010972017604
71.65384330981188
483.7567842749828
100.2780182242614
-9.399352874361824
1679.3406635716196
745.5101925979486
698.7451247457242
227.94338676038709
237.4715308991435
379.4762097437987
810.6414880457622
790.5141070641677
679.1329004912102
325.9308681892775
623.373676964983
290.88394980105596
300.10886218330745
1220.5802443820917
198.82497573826492
1094.512417223425
1348.708984465929
348.8474105343967
427.03095843572436
324.67607721005385
1005.9904252317954
179.99343975662137
1480.8436273091888
1639.2704793883267
561.6576851593126
113.21722742467169
1141.0000549889974
1002.3663992623776
2690.3896246623535
622.2991913930748
138.7696244691722
755.76760266146
823.9332449733266
353.5856265863097
101.77860451538528
224.54707790865177
526.4849358726013
173.41242327442126
566.8363635285023
322.8632078892224
73.07161283296354
1354.6393187245012
1229.512243845727
232.2126205286569
310.67859958010183
204.4334956915785
183.5508711220109
1788.8608210916714
78.6793135647823
333.62124129810115
247.94487191393824
405.9453337537581
70.75144599567074
548.0002522044156
588.5592958959072
696.5472226320136
407.29338145761665
-129.93383110798925
200.33505598018112
1049.6374296793774
1170.74258128238
425.76848740816035
27.529469808865812
1614.675453798141
1151.3490052528573
1316.4957716477188
611.8465741188579
428.8712166532327
270.95332873795667
712.4328459981672
345.12279434820584
404.71464125285274
462.97655861941485
1996.2747249102736
1140.3526234294413
647.1697914078211
-377.6481953046114
1320.338270075607
325.23759006902606
1120.4835581199632
40.26128251974139
603.5104443924852
65.83757884689618
172.1883718821275
1646.7548378708152
605.4892593097977
28.085587072321573
2164.678188884416
1247.9675274624178
209.64066803168748
171.5097070742894
-24.09232278527613
1718.1966830320775
1779.0983884515845
468.5046914483547
92.04622069538004
593.5349664310988
622.277059001885
2880.652402407653
156.4367663172515
358.3104845426515
367.70450377466796
1469.4844300273062
233.6375709150738
1336.8538242352543
434.8324543769244
335.66928919051486
161.65861502403246
-390.9224068183845
766.5725206425669
321.2680688341327
686.9265540455696
948.1934553973939
317.00968252449036
54.11308918309111
1538.806308088248
320.31227498710365
812.8807606422006
249.14175816602295
786.1314440288623
427.1711938292492
1350.146164614826
139.78018885435947
925.511825656445
1002.4251973385336
206.87582071401818
923.5110781450217
1744.3217523733138
-39.57632265213641
1026.3410110466648
147.23782515104216
1191.352367958034
6.327239022276913
120.369569897377
849.7557049248021
97.0113633289564
588.1967866914874
429.6349630093316
34.88246499037251
580.814822241337
309.46291419252634
115.98102035917086
1989.741784791799
556.5292241165389
1752.994405545081
190.27104479607152
117.92998744336374
669.446216333252
1363.8041153737013
273.1618253722579
352.15587751367946
1608.1116608142406
1402.726849904785
106.03476581791477
382.5028668084772
696.8315463624465
527.910511728195
2.1053554318418435
351.93397209946863
1071.130641671385
351.6098988889068
693.502313193398
864.867357403254
794.3944391160721
461.7538857669266
69.2602627001146
752.6146903223488
527.589230143983
130.1697162739071
1101.8588197350218
184.3816762163927
1604.1541311815836
400.056700315062
155.36568761784477
768.814888445344
1856.6823177516258
935.1350375171498
1761.7734994720117
1523.1726832474842
587.5986947468465
379.52841586199946
-8.797968293510095
630.7219671080113
224.44134831883235
324.3889392715993
274.2283570504615
274.44260711749047
94.132622442784
958.2841063237496
1223.1013384114763
1247.4314939866094
350.5872474647415
349.6584182922654
618.5124904194264
-100.26598271752033
-282.70522603281387
2201.9044232356223
69.95608753646331
524.4460051732277
922.7057321000932
845.290877453226
950.8975294425085
1916.3478536314483
568.1016807781274
157.66167851538282
1519.5181177670152
2671.242584870631
370.4141727808651
679.3283499302621
2440.512839390046
1111.2106997210308
247.764661010091
814.2931055478493
338.43809191300284
2594.7405307530657
608.749202199836
280.51999589358235
199.26089422854187
1244.209789695583
324.7018286022691
684.477896139617
429.3824715589891
-262.73896789441244
1302.4903051877154
656.5111165572778
355.0559322046319
1211.187674125225
191.60603444237572
117.17622475023656
59.32901556674193
2084.9151569062483
1109.7992395504366
741.3283103589425
1183.8008182435974
-180.99659753150624
1338.7932260010803
74.8850149028647
-12.517957647088565
1561.4403489802412
-408.0506651389743
271.5152398512446
674.6060353755648
549.6861835006828
2155.668678474478
904.7577922205152
303.43212810905703
498.68087573390244
638.3962703175008
515.1026241721369
432.6358895350157
2691.826763607136
2229.928194881361
880.8590418345958
1451.3808748782853
818.3975719414186
50.97005589733112
854.5319588841859
1111.7407609645047
1397.9897057983426
436.5386111273598
1395.11412354094
1605.3357560270124
479.6702206165761
1071.5314559269027
856.0330340599127
1.4639349500093886
1528.1500772819854
915.3668817261668
345.8291515306319
376.5080576527092
789.6041585199589
-325.5895621605936
965.2668394130161
805.2522049797248
597.2318417996214
1167.2224134547937
224.81515687356116
181.59822365482097
636.830240323072
816.0974286821012
-233.1045638592405
766.4758874852505
1496.8804993423742
364.09167016457434
353.26909939622965
296.08424749932885
1029.158172025153
1151.3565131093146
394.4287008285207
748.1094749667192
1324.7182180146197
970.7971494913261
-25.070044925743105
1049.3999980131562
2986.050570904765
6.915355306422782
991.0472600593987
590.2777645964836
1159.0997963175837
392.9521212130462
-223.1061408552359
285.8774924778365
1077.2069770493335
-39.63754545883482
51.24674098743104
1867.8156830057492
148.22285772712874
891.2076638696166
476.6029678246892
823.6229606158594
160.01752568797735
623.3020114413313
316.62490200717286
401.95005622729553
130.17159512089032
876.6688102674201
49.46522681423548
591.3317675824921
181.9062408698328
711.6229785865135
276.85960810129575
71.2688125679578
264.3308225240193
763.2730694306667
655.4795810377817
881.7495930295073
150.29698460735762
986.831748484186
1637.8609606861155
517.5516038779285
878.6588142817695
1243.2285049099141
280.4248041729138
180.25076091906254
1387.7011712991562
236.84983323235394
667.4728221630696
113.52811359556783
351.3298820488707
270.12315055753766
264.34939723535126
65.77304685105861
259.2790123566347
1207.5757519690515
259.9435767570476
857.9708332685542
1181.6965011628768
-18.081958021446894
392.6730941163435
727.3052839006988
650.0177253845528
1312.5242097096757
1914.841408242174
75.10095844545152
445.2628342859458
4802.70664974476
310.10595187270064
483.49451755125557
598.3809320120896
844.9063650771226
345.5742363977314
1080.93451415836
173.42367716982983
402.46040368768263
286.442711856913
1126.8333170871074
1120.6248367233843
1232.2255861200638
208.99670826162486
288.09420503724596
723.8711351640288
551.9219694654288
1344.7621629012324
947.1989850010615
187.74979405802537
881.3938546064243
206.9671080082854
1442.7150503200546
451.6966036373837
48.12873395027768
123.70357894391802
673.4789706974879
1009.3913993017006
112.19445189697957
273.27889384340057
1349.7123302478335
380.83959474680887
1218.4947774714124
956.5564895903564
552.5622796169109
693.2308005931164
1501.9953266282696
1147.5538580244083
1201.9529186140308
413.783471522313
565.563165257463
-54.160006514732345
340.43976453799655
1681.3728053112122
1174.6407463822206
436.3229914558589
1298.1487452080378
976.3919727947055
499.8266377561412
-72.11401961142079
522.3709647243504
1355.1698738778941
1031.4435871015376
1310.2568455720593
143.99858699034257
107.9359515766555
289.3034411407091
188.66927319980041
957.6887923047161
524.4869560062368
771.1542860290689
79.16541707444439
542.5572036306356
2785.802309027103
1143.2592247433763
914.367148505127
166.80762193744673
180.1464045413628
232.51355333598647
590.0644209841798
269.2645563338332
15.886731653756783
1276.2520344803152
1453.5590170400346
671.8287736469086
199.8946608617684
669.002151163554
467.5509347616082
728.4883906283959
-69.74903673253914
577.1146601880517
130.81626559349866
185.2666013156821
313.1267085910441
636.0765326902541
2537.364399067374
567.8042087088573
583.9593133194129
74.70318117699658
1375.5109174994645
1071.0558191204932
2074.0933277918994
316.21126001449807
674.1292221777188
239.49367789705025
908.4566550694468
2468.6305315243303
269.9187636502106
-21.164843250140905
15.889142789989144
902.6216467817088
1158.8122380157747
778.6316882935533
523.3173758557404
528.9899536136021
1574.633373339674
561.6059890056732
615.8014204182355
25.701562217639605
896.7694375183511
286.7696069257163
99.09991078084823
1276.6247720501333
1038.0334857434686
116.54984599985522
401.55876773130655
1161.455970127156
1324.6623501112808
168.34804518531712
143.04449123113142
302.8547028077924
1165.8323165697875
338.1355141695851
271.5070769090664
856.4426774038758
64.0384440035965
83.77831371202456
1123.025625346531
1776.6625758942946
1371.1913629804908
638.0907591150423
960.1061783935766
-350.1211591483339
-60.1068761890627
1092.8907107971759
31.56378953697436
278.9873739103282
926.5340827292248
1363.8696769250364
-69.67206677017171
149.30868254116206
185.64394866995661
1012.7490122276038
329.914042769914
1189.420246800747
1386.3777809753387
-149.09244895037216
2040.0775588126485
285.36592908915884
55.86098362745433
930.7174533984506
1259.5676938696406
45.361623393150715
1643.355722021463
588.2308178604934
1799.1867115267041
1293.5026856460108
736.8726219445956
-351.9356111120476
711.8769784804105
-316.7934263839899
1032.3056975522172
303.0126297895208
74.0171231015602
647.0149799981065
114.86343566851701
45.13479431936133
-71.0292307177491
445.6392541150161
386.9914692413157
389.90775095415154
180.0274705182481
2162.5805293365966
98.01669904178533
-507.9843644579691
893.4732286019922
1479.6454053135453
384.24056037084046
281.77439775281846
-4.105387994397802
-21.431639789950474
479.73368083102275
714.4839325552399
192.4836975868281
568.554210566108
322.58882898812055
1646.578032866952
669.1933583405333
701.1773575248658
543.9574940174953
51.449710162048305
250.65129451001428
757.5775315189316
1234.653925504916
-3.826995565051025
316.7125448198719
-140.29458915880588
442.6353708529957
1858.0150427303433
694.7675642944055
566.4779157165716
580.793536857132
577.3453042278944
120.16332014590738
1370.2478605949927
642.2724504854037
786.9159939941497
1346.7873674861048
1587.4273855092524
1236.6583960769062
657.4447036640604
193.9060852844864
174.82350206052476
1067.706352779352
338.76319456330515
123.86344037505955
429.2189857063719
122.7906279887749
2084.4680322548766
282.1629442216014
1685.572799070742
924.221121783044
89.42783891136442
227.16946240440922
302.74883167180553
1188.8356944862703
1127.7515150576928
147.9678460361231
182.39854775467256
443.7183303151319
48.43020035014001
574.1213609105107
1400.0937446926596
194.2725431746487
835.3132175708971
680.2305004685721
288.888127339034
933.1729618149849
793.0654491380575
-78.37549527954369
1951.8287410327594
1309.5890367745842
-102.18603418004113
-27.06657199240388
446.5001578883203
321.75042836261423
425.2589759739027
425.82791847760205
1488.5898830741057
1449.7846167146972
694.5667746391039
245.67964769724608
240.31420966351908
413.86984373575723
662.1923876485567
851.4874274787875
35.916372485129855
1174.0314350006538
381.1704220536294
723.6624539696319
51.05945547303213
625.9884437984604
426.0518305681825
148.4760185133279
506.62230902101066
235.05602453785582
1992.940335130982
1367.0087585083465
180.61905700541146
1261.1588871147346
547.4978232833504
252.36297931536672
1480.0290498438303
285.03886312669704
314.73501534895627
293.2077526395848
1310.5531536727162
670.7511110945961
-17.195526763513648
1436.9107872497375
379.3428297958338
1252.2159494801617
1478.3351362270923
300.1340113434035
1172.0071830630127
416.39592735518363
1335.4549580301405
76.92484242448158
188.26937904863908
1536.5685739145729
1090.6312700967624
259.94081353626666
704.1942862962392
869.1701042797264
657.7511537015527
913.3981821196893
297.8803992274633
345.3789972548899
373.4943921372729
358.5902768234537
1047.174273087523
-44.145055130717424
1534.6038050452544
758.6661146568929
813.5250796103288
373.74014813278063
1406.924914006287
-14.876580374360811
1965.9462964155296
1416.0386761016512
1127.2344470240669
333.5367671906353
2565.4359102125554
38.82382833014351
466.80722028145846
414.87634929046175
344.1800995916948
810.7871198049276
254.1485593228423
509.53510663686495
2002.9451771258537
215.34772257900713
462.6581190849833
119.51254072541474
524.59044945157
558.3909462936588
1100.3440043972269
345.40245734429726
1995.402144766193
752.995466109451
1102.1283577221866
441.7260551914024
125.75887965445534
-232.30390993359384
2370.8325750733093
-92.88854010369974
377.79277825955137
1665.9504100056884
301.0029911806125
1806.6428259747727
547.6871835175901
1078.6598722254826
979.9691653164732
734.9436824917883
352.8678520164413
54.27963792343829
336.51516622896247
87.47567324977263
824.6013948294093
348.6618129312976
1076.2013401125782
-54.78054087653885
75.1213851224071
126.23755855557619
857.5219297920918
663.5517758187415
1428.7335708609912
716.5879072511401
-14.683338916071335
1450.5800369431977
1023.6807885514862
425.722806513387
-270.09922309366596
2143.7477109796355
1770.5180317793966
598.7800405818401
911.5244276452751
387.1405632312297
1284.6660841017165
1003.7567559296707
72.61359472239093
45.65001604327994
1279.2764308323626
1134.6613290730634
875.3131021880135
225.69961923046822
279.34673673958116
284.95233577968304
94.20261118110227
857.9676703817835
580.314069602996
574.9893844243134
2031.5582217297538
159.28656839318762
173.3837062190407
239.78725602582432
1682.0358061756137
1900.8112678930652
962.9048025055253
337.423467638591
106.71097219189522
282.868599997452
333.0247164229975
277.91459587494006
136.61455114240854
-110.87322038895897
1523.8755478221833
2092.8755760654735
274.5618706179902
-250.42120061677207
350.41753932737635
49.09255939752402
138.22375040537858
2117.418154794295
1760.439427180087
520.8756251249629
1961.4522867703813
28.76495140037315
842.3123763709955
52.649082716127225
398.22472722859425
1132.2660765605401
1608.7436066395157
2867.3868289899456
1558.61562079854
542.5466163936148
512.9245947726029
118.42673971923557
450.5807419789995
151.31694329124974
-43.53516850424282
884.0015645604495
1048.1430022076256
1192.2119833517063
1115.9267029861635
382.259925496005
642.9726724663675
208.6091829514363
394.4215628223445
21.459613199430244
903.4631929513571
335.77752026298367
348.0432758112897
204.59997503604936
514.0215296380527
59.864826080626145
139.49877335388248
41.33024342491366
165.50620660102499
518.1429765738642
1673.7762486464903
686.4999359054356
-293.38863537104675
471.1567314317189
1252.9154284362035
647.467303870453
1358.0988171707645
1414.052760145259
377.22333511535555
498.29438188456413
195.2483058755313
738.267454037464
1567.4331283103693
2183.0709350507386
226.11629681998573
323.1916532397896
400.2155600563636
1.5902395688560595
493.33007687868616
264.69356457203685
1133.332120875236
133.02183739588764
243.81496165649432
33.74069037448095
2313.660898813462
137.7645152483459
230.6122346501571
1555.4912875171085
1343.5251537898116
1930.5308159073224
1148.3694304649866
567.5279957467272
226.03434754986935
621.0599484125341
1479.755575368135
1190.4567142578794
613.0017977204039
1080.1312733326731
31.790695501989163
131.32069704967157
1416.0813523815018
-186.54459840852817
1913.5781529205588
1010.5171920022159
2095.010398404196
159.25314322675135
321.98943331681403
841.8216594761096
362.59794629657716
1061.8369562842158
286.03388785462204
1074.0641890263369
44.76919966068829
907.4556257592421
395.39902787454776
204.89408033386673
671.9852231761805
1975.663973843562
167.57294816159072
1295.9904212490842
618.2667706549372
619.6389026284495
1740.0459288307638
246.86812970310996
318.73461621439765
1272.426203573476
127.06452207960069
909.98330052245
303.3581468409341
424.50818038619093
715.0516251459261
523.5023217611671
1634.2421078648072
494.98770747803877
1177.2472071562656
194.04660665177283
143.4745685906186
1696.058944194382
867.4740325706131
1096.4724235711333
1041.8357518152052
1074.694891453718
732.206469729958
-214.22687870377814
889.89649631532
97.49137348246535
377.6602133655459
860.3422877175495
746.1136171916113
-22.052934733297413
274.032156461674
1354.7048656386378
259.52834501805194
284.19810640183266
752.2980124678645
722.4356948360173
-10.32227126549207
349.8598241667174
702.3824727236425
970.6606113675234
274.4067928450528
1251.6674696749874
52.493517159442426
1907.564143455037
256.66085425840674
296.5808944713322
1241.5768847196723
990.0578165911608
1077.902327949751
-55.06786056072393
568.1180777252446
1010.5326647455072
1121.3868474666788
284.07905546433796
138.14794178175558
1684.6463295154917
777.4863920258374
480.92804890654776
212.12668648795847
190.57611464226397
194.84792982337802
1053.8418335111592
1820.9598680823701
1036.769857221273
340.30744189646015
237.27563442698812
927.5307893246727
1160.42844689615
365.9209462292774
799.1622905863708
1082.4057716228676
853.4861156799385
703.7085430124012
658.9107650596711
730.7521852105003
629.2400378137651
295.39069925122203
1131.8335831184809
176.9810534413497
404.6576516211171
1636.9891987843102
23.49121367931133
212.94165140371166
1364.0602186046567
659.3463164782407
379.7868452096482
378.6715194003746
58.95419606766467
367.6551878020457
985.4612511174904
758.3447982710388
74.10817304416568
842.6726620723646
332.08190115489
780.2540174086307
1534.6528425017377
1518.4427621129971
1404.9883036767692
1175.4628445577596
603.149313120106
410.7666025328269
1462.9613274803046
1396.9721392457432
1370.6115197235745
2055.6197201946798
1033.7597660256629
130.79595612150467
263.4621687033415
277.61419665170075
1122.5081333128182
15.788082489600242
383.04050612307515
157.73538757533657
55.50004298639021
291.16045304083735
514.5645293965183
109.52609943191666
2345.567169219741
760.0545126720184
1066.47879618376
240.46938205952785
163.5683234299083
94.19875257049893
432.43467234455824
251.18756695233662
1303.6605619300653
31.99953619271252
1136.9100524115242
725.437388933917
1102.9523779634528
241.30479154711085
955.7291456184581
1285.9195553396103
813.338541849869
766.2705853271062
177.1844524729961
2187.6937426827735
1025.5644041455462
855.9151218333346
883.2673862688813
1357.013167353709
849.1007566787712
237.5477620696143
82.2957236896922
1290.379251844412
635.4737124418284
334.7353188843598
715.6267579428514
739.4629006137042
830.1862153972695
654.2085304871035
168.4774982350921
1291.6929131866314
1289.041362544855
149.82515241752282
234.7414617863945
28.111981226916086
24.686280658070416
181.1860007191854
1447.1290835436707
876.9296107422055
106.79275725934309
1771.994949469978
162.87811122379065
794.8151038693157
1898.922565359021
183.23053496798104
58.86840726551077
484.96806467139345
277.54973590331883
1153.3088454187755
145.48899223192538
582.015651253712
226.9207886396947
-50.99208287141361
729.7545403989711
1363.9738067126614
1046.0624891527827
1005.8794193809385
2044.5721098916088
1438.6332854531247
442.47179229861837
133.26791877432737
785.6320740639393
1989.7886661530429
182.6431722706666
1399.21628382573
247.95381416215935
255.5327232745757
1443.096824208364
113.72984438989175
457.1248830285181
244.3256327527156
1769.7771685565872
102.31830686894449
1133.2950800900908
-263.44005096387065
2154.713623940426
1891.3140007634897
387.5660348283834
1111.7504886688257
172.59782295557795
221.77141222943118
880.4230475157161
1119.0853337819854
1964.1085300162936
1371.5025662719695
382.3408468572663
151.8709978809322
278.1494324192202
271.445957126473
1.1722335213223118
1175.6804295596198
786.3617956477741
348.47364334373157
428.77884865976176
395.14973569413183
370.92087595709825
-1656.682309023497
1218.6858166436377
367.93831060873833
101.07424080498744
-19.610890931123265
1142.0634013386998
520.8165593331287
522.4870906361045
1825.1082518517105
300.69002291560685
273.2378151099248
231.20329078252652
978.8220222255009
182.9495575718824
1068.8108700494436
211.89621321208094
525.1492483585631
1509.9830216040777
1794.5769335335413
1159.9405967608495
267.25096989929506
648.6639801415694
-1654.6044794584932
1296.7738418603944
627.2446818287395
1217.1741113397525
208.54963505075997
599.6518037059288
994.7479285126653
491.65091524921263
293.9308385068598
1545.2714122390416
628.2951619938352
281.4664505779635
660.6760081977326
614.0751097945102
751.0104940923774
1316.639674123477
1309.053172339889
982.8309974944312
473.6337772821241
379.3943500247451
139.14478304499835
-311.5755987405938
192.71383203272833
801.0857606087932
154.09735264974262
1058.798446313404
63.55128641612785
352.4379254455492
414.65492973623543
342.91896528855847
577.8247863553587
702.0768840018659
834.7154464983612
293.81428880306316
384.7943874328671
83.13320576695781
2136.134299038924
634.6180447539489
2679.1945181427227
-27.928023851845197
266.8279398150321
1026.5002046802533
67.16724512825805
930.822721463445
43.7572346374457
810.2831971646599
596.2672679805668
338.5545808349521
390.14870269869925
342.78908869858276
365.05247576419333
28.067272918242026
256.88783743106
501.9648958091405
968.8266567822843
399.93405919882935
26.983622870381517
104.8308758483552
879.3424920698203
58.20788282434307
908.1514023872604
152.1218966219394
1382.0492590783665
926.7592956056432
425.4658070389928
63.938341369897586
2105.703526768732
144.44058603468847
1317.8316388241028
452.80584730890854
439.3927605910307
275.556969118904
469.50354164639526
901.7526403227425
548.2627789065468
-361.01002584900993
593.8263166176407
2033.5440183830237
1474.9704704296105
-14.71881236428112
1909.591162688294
1462.2518698093477
143.74636582827193
-21.23471478686332
381.0727247155885
635.3186671191718
1002.3643080421479
888.1491471253617
1872.7281422467886
-178.13069068598242
536.663465530808
1129.7330015292882
204.51084232273206
717.5032145253628
330.16893693674257
1551.7418452089737
744.3789791430318
2183.5906172777377
373.4814210584994
1469.113553535603
1547.8256829079219
873.3356802289999
469.00513598065874
1222.152085978772
124.92803021179819
290.6230430232083
440.178711882062
753.84555200111
1234.3295841718991
1901.1895965060785
122.86889360421222
2124.262042271252
285.55288385500774
648.6787394089341
-19.38688480740035
777.2368743554968
1236.9336147950762
278.41899688981476
195.01523436448554
282.01127704347647
2387.721791418975
230.7242756859408
55.52445753372035
826.2959499118195
630.9759692945063
307.8737377338287
1444.5083068459835
670.1859900281538
-585.3513130938878
688.84964143668
-26.353738774350226
163.46163498748854
83.59031392205137
516.1983785465019
-51.0783646416923
514.6913991864802
1089.5965164550162
481.0868408150411
175.84182994880604
783.2803341459612
1890.910956089795
216.66719231431085
973.9849523861463
705.1498127541104
973.6361383214859
459.95263423276833
386.92664822195775
157.12121089773336
66.1897901716138
1713.3082980261893
990.9836890241342
66.70777329840463
1336.4876531323448
698.4493960892177
-65.95384738054693
461.0869823217881
532.5606005979275
1824.161642434609
1064.4712589043534
1252.1184026487444
165.17289920638117
928.1728642980942
2055.5680105786173
1758.4868227387542
1494.941863177059
1059.8374188762368
339.0304456657776
302.9418170398368
1308.540401651002
882.2204308540757
39.20221649817796
639.7823764081916
297.2421653575131
415.9853499311163
1135.1910300139539
159.9131099912713
1798.291328540177
2239.24830990602
940.7384287329904
100.22631194473917
-54.78751755870106
-131.58213333773892
242.24933266368794
523.8949387116847
1214.391186582683
178.06551645046267
20.138779439879436
479.47062281979856
60.10870730949851
-2.077948195115752
1399.8968360928488
222.18387940838446
337.7100344839937
1270.7904091050573
1042.6072846166117
743.5744756281157
1639.2392490600218
636.5880426466767
477.7097860917527
1214.247695472589
208.21189018223913
1982.1956548571638
1526.5826919849897
9.354424396837459
857.1039866248385
550.1841649507429
1214.767632884028
1773.5712885528947
1022.4812480067823
1167.8496087753356
449.79873339246035
435.0436700766157
-281.85113433021246
469.0557987291218
152.21399877910613
500.05333948307305
2061.470362014149
-44.91918176523103
686.5041373899013
-40.94810436903346
304.3532575692327
700.6849130888531
973.668599224636
234.59984303142477
316.43028497563364
505.5709290876781
337.7826367607397
894.9807823117317
1112.7274980789061
998.1300713162847
76.86308148161724
218.32409769141614
695.4341558681293
98.51303557084938
1429.118602069745
1234.8473573016968
2019.1717063450874
1151.5638577556374
712.0095172095183
158.7377105809277
126.1660455463502
711.191879004724
1174.6953915065828
159.24830985271166
85.87820858334959
1321.4639818130213
381.70272314971277
2554.0435752996577
605.6796940363683
752.0453623339673
934.7854659479848
1329.1680411701977
806.1139903011232
1478.538475770054
130.01115547073795
1635.895249162128
1423.0017660725493
169.02469243718647
896.3610825087393
992.399138604757
381.22823815862955
1538.0881439720115
1695.8882671519318
400.4327114375839
906.2043816075337
1188.1020466571927
500.9049676636075
231.11912397380144
313.6645764116082
230.10245779934766
193.91910043506937
1099.815575850675
287.212625303845
952.8538563682076
409.71776798890915
344.0155217892194
780.0988707887735
1411.9229465166723
360.93141537271197
738.4371689224753
163.88123272788755
1092.2923597187723
50.891475800192886
795.2477821698461
1118.2171418753496
1859.4768398589276
1086.0647058867426
1026.0125423551185
1866.175035982907
420.585892568663
-400.5844802484038
455.11198492885296
1.3635244829011324
978.4092787260871
1446.0929671006593
370.15557242492156
-80.17083065822749
235.0749143547696
312.772341881536
791.1382582496449
718.3786849936158
1080.271768984917
1300.5895717606995
93.08607999175291
1579.9598142039567
1071.2260979502548
52.563970245308
-66.11023158882924
1807.1655426007223
514.6308094641925
1069.8255120070503
157.54041706056205
254.9199465783957
1006.6916596223255
74.96516323029405
1586.5839270816145
9346.687278793988
437.6323839550503
166.760127875874
1478.6764362248919
965.4763647397492
944.4708331518657
225.08548224549088
1087.4437308799475
474.4257799936013
429.5364162443227
270.4345599506214
29.51248804870289
156.67560860329172
-147.1506615359953
433.0103043623055
231.15494852142118
183.83793857447967
1912.4922162098442
1216.6475213722288
321.09598941174715
1050.5024497522681
1176.3627712894777
1339.806455792892
1766.6715838676869
327.89953938332593
936.830842969564
1072.0952287501773
436.5604602381495
95.43849508664466
773.4516992217254
-19.574118879981846
738.2985855895845
522.7951617645925
1268.8162577259127
515.4606398908505
987.7639776260128
-86.27735046033283
217.13811572911163
272.00488236412264
1333.7271010274048
683.1507191400834
-18.306127299068038
991.6796089342726
522.2181960545064
228.71141599102037
1451.336243637346
135.58924397804276
947.2964028684169
1907.8813973831188
2268.9769264725282
278.20378218884053
875.2539658463928
106.29572597937023
825.548381973682
472.02038523647616
296.45409534671916
40.41824439184703
1386.8168312394218
911.634307550456
430.8096588365191
159.41400127600767
2136.2254097508035
744.3563673591324
732.2590634677534
221.16857136444094
408.82044378233377
86.18010827434034
339.38544423114155
441.2058230533794
759.245390452242
1294.1883665868504
122.40773493182937
662.5473303298407
1932.6040633453085
988.0930231457452
300.4256177751255
1864.0531393743663
34.50123848855981
155.37340058406122
662.6166265233024
385.5652980208616
579.4866826723393
250.4246149675513
616.768760705746
314.2822252424773
1186.1612670100421
238.61008328807333
938.6442230878484
2410.172316039013
2154.6504855012727
1065.2742755033314
768.5055667068954
1078.8287887671086
885.0223517521206
454.27142875499817
470.7771154325763
737.7695888828591
716.1902706888628
817.2244474351651
1212.1495173549315
1176.1029731325725
2195.2550520838095
314.4300662151287
1263.4726376643912
1207.861196701113
520.83791500361
842.1584820203819
1113.26113176847
532.7959766897117
-155.54552801607247
168.83526726733805
105.06039897115456
2095.3850656467644
183.57830674691508
138.15595989471032
384.31708927206097
1393.3332365744604
826.115099958508
1213.67517490095
66.32746883176642
609.6049786831787
1233.3255155793759
2058.4982960752936
411.79591189196657
349.6638795608166
240.5083897221727
-133.03502366577652
1934.308914527624
352.0796515666323
2098.061310066109
720.6553572814056
301.09254926500915
537.345548988401
464.8839044690466
586.393095363757
1160.8075794523484
653.5282364856457
308.1935282415961
837.8371478083493
1195.553296287705
130.93262501091272
304.32640933408516
409.82170556122344
2046.9735972693356
1743.775119422417
-3.0578242587035795
2162.5115696525636
851.4897467024774
847.8667729056929
626.6383488983696
138.70711345732352
1079.54420249246
200.53244118943456
10.40361687935831
1174.7010007725353
180.6989189620785
1150.1612552337797
380.82719291535733
333.4872683319175
640.4738964652288
72.78037608429037
-816.2367072843502
1177.0841098913725
523.4058294769646
254.8720682413384
526.7980228192898
1109.7811952627603
1435.5288390905694
1298.3250978299006
43.86133937914775
1901.3960322146122
895.3775839709356
73.6587772312386
394.82754628658836
1026.7742238191986
1479.2327397202312
125.29570451144707
490.7255998476012
362.1610082124077
611.4618543051292
280.503128659028
336.19606390924014
241.7190862363392
-11.69845789533646
306.80614546624787
1106.0352438410068
-255.4499112124227
1536.4029355108369
416.8282354801842
443.22379796335167
1143.946602251263
527.8046614215399
1281.1815967623925
90.41955799300365
603.3417660071842
274.9450491695663
75.96720791722329
377.9243105118742
148.54157205513
1041.5670722567265
117.68657408690848
301.979046023209
1360.8749733984268
573.7074185790036
-17.237217414063053
364.3140761404628
105.07919277774236
373.6649052590177
965.1052699760193
1331.677486399819
59.663230658179145
891.2578112203173
232.33604813614494
257.1075872134723
656.2423751784543
1720.761355281997
1000.3656447747184
699.7503882794356
368.37300921423395
243.29633872649077
204.1783999685607
16.013683793252824
442.8769690046693
129.69115444952598
278.92856396994654
825.2693174805751
937.2049492755225
668.5692866548875
658.7004872652927
838.1277100241409
237.92763571969758
-147.0534866950406
159.8595232236485
440.12863047575115
1062.9407601925368
227.27355127117193
359.21462786952935
1931.8222561965345
890.8992169445706
356.4312750047893
350.25028334869853
294.51557300410116
1558.2310268833867
108.9598109151845
855.3321421185954
1668.812929119671
1865.7866550983126
141.91887619833034
2338.561793023488
254.10006688503557
157.1743852308311
14.674814663464474
589.3945846711553
862.7663869373504
1382.4038841515894
682.5851580192569
215.48707128252028
1708.9986384864933
1150.8863796431947
-290.07211361089213
604.1318679968696
45.4409657442767
311.31798546153857
1290.8020475473068
1943.3032372344096
715.9973479348746
467.0776114749449
126.30013749481856
1901.5947743644247
794.2582055756292
193.81332218547038
1027.574499990812
214.73439763925495
333.47005424207117
706.3971721917238
26.56339838254513
148.3625871510882
462.93980312836914
1105.9691906800058
539.5130540712408
633.6964297846692
431.22969637695047
1144.5362705665957
578.9364043326044
1648.0847797962124
-350.33607182351716
283.0598255861544
1150.0159666744166
177.2529930220138
1454.407305190413
2517.5933530264047
1143.0048247545828
597.2637529598437
1189.5636766685084
209.2422375274087
308.96525655728044
1710.4859130209738
1281.7642601112261
191.5844740801096
838.5955275605294
1277.0910506519454
1417.109954672168
564.9988987445295
536.1854766953553
392.9270450852027
132.6984246904238
1572.3125519819564
525.4991480388034
1785.2353256289007
1570.5261959257055
278.5372317861668
809.6692255948741
999.9653829306712
1424.8173560664186
264.41133209284914
358.7631085409572
1082.1121746655226
2883.4152936697774
1044.0951421441096
1649.61933189903
186.6274764080072
274.8413943840934
863.2891140206204
1383.9183760714773
588.7301217895779
75.97961230985965
566.9034292495758
602.8956410441444
554.8147547691303
781.305045532694
1002.8815052812278
359.59300501302187
238.716853828218
234.33016898348313
527.7996290151657
53.419690074093324
283.6178162967053
616.3518950510667
-121.07809853881298
1072.025777659649
2139.8835622338415
1558.1800922592552
1544.7317415187472
890.8708952785199
283.27320532108007
-0.756649381994464
274.8448895643835
373.20775544468506
454.6712717439465
712.6058516733016
435.93088473609123
-152.01980548470505
1210.0682816512067
106.39072204493709
115.47502624739008
557.336771730297
1243.1315441542065
1292.6489802559672
180.8080304681618
1036.0722057216162
1002.9869281205225
1129.8891101175418
122.13493784778171
2148.206885669927
406.4844079539206
1049.2548208196476
286.5619349417124
368.65304675076624
102.97054556656212
-23.03796474191349
1741.7107628075387
2182.240676664518
77.57536418037665
850.806943033813
425.3727304516978
73.0849317927051
910.4301229531538
1581.1396378614813
-236.2911900819968
-229.09478013044648
1116.3579452625122
453.6116562384377
332.46379097366423
16.837330652599626
140.57017636186086
857.1177523783838
625.656082504591
689.269501887774
1630.0351957179864
1135.1031305751612
735.2516221143231
287.793477943094
453.17029197638703
2426.8776435877508
622.1831736842734
170.38786711853777
1223.3347114808284
-82.1865503117704
424.0329274284693
-880.4765196721811
322.47651817287357
-100.05238455594053
483.699630095026
162.24842232789655
451.2177338652219
122.25036247911191
1196.8982649050704
859.6243147504707
-15.716893906019408
851.4191144702692
-76.49021986277785
-229.57193909007978
205.39385349178448
267.7663236089788
418.02548210129225
700.2458637852885
997.4290684431481
128.25291225859937
1694.9134448864593
1118.707604046629
-202.64689202922585
431.07837644102284
1271.14523154498
90.70352595892362
721.9177791502386
279.00707128709496
496.6334776138802
322.72762353845053
1045.3365021391273
1702.7090771235498
1407.4943039086515
1863.1024920842115
504.9574178682286
1699.3150980321311
-172.86192487332323
117.99601310307457
-152.1238539113162
438.54013837759493
401.83546679111305
625.6952180135033
1262.5523604687137
174.58877082721034
725.9392525822101
-19.48716596069687
630.4800820490551
660.624690366278
257.2074193353144
411.90600180871104
1165.785441880173
438.2381121760208
1433.1738659913876
167.7135714892783
184.27231699173123
1214.1929031415189
642.5909961292397
56.88636958003099
837.8099087433143
693.7404124158641
1392.8929737792732
286.62778420756695
967.7271349157335
969.9568841944194
266.07844784969905
197.13319241646025
903.8328167841761
1432.4343909378758
945.7300537421698
219.59848232597528
456.9828308893361
338.9600863425786
981.0664573390671
905.2926132560309
365.9787655125041
629.0052628301505
89.20220048282428
999.1335037231144
807.3350399209731
629.3344910770173
-180.8631033730136
1066.7477902690885
1525.6361259326259
981.5986459900064
909.4570832755709
166.8267411566497
1226.8994140533987
-12.235432707804819
1206.9852299038125
446.2145207747305
2206.973412290971
207.7721776789667
1859.6901802772218
1708.530955788936
592.3003488547246
148.22297423573585
397.7098119536992
101.7844273351582
524.35958207723
687.3340667456926
73.42563368842453
293.37908458265423
1869.3346119262442
2046.8030263573896
1307.276295325676
1178.3606080413247
193.61824002799833
1107.4338313004337
1070.4429740392438
1062.7198591231695
309.47195914297606
753.1010456292935
185.23658079907912
1887.4415417735217
174.22688998683049
375.7564753456342
311.75607944928254
593.5096075954185
786.7003261281942
1725.4060187257646
2075.3023836534694
589.7855298172874
-379.4112556810331
359.150712233939
1199.0443858258323
1033.9053514946609
1682.8945000956528
204.41776083230465
1146.6822563917926
661.0526600971665
549.9061668021715
655.687230516798
1097.4498357510734
725.3923946509425
248.37234064566377
-106.51605351297587
1180.7581516011437
-46.04812943086389
494.1353024527
447.5820903406415
292.4376031402438
2548.9313818186515
1017.5769014138463
92.92185993982031
292.8776547891646
93.36692856629924
2345.453820050165
1147.3698391766175
411.4568428611475
1116.3036999795927
-247.95423344867174
-102.08840645267969
38.923326845107894
83.30023448254258
7.701473727789505
315.1052161830424
20.983800098166853
1076.215907448065
169.7432754459645
241.72177746888661
1467.8480959432031
632.7795403214086
483.5485488634182
217.21866231066664
794.4040264693614
942.0183011074045
150.6432595866018
197.164598617028
891.963960508968
66.07545617781962
149.01148767125966
1717.5615912380695
92.87013486054627
1466.5559206866155
611.2502252380666
1469.4730858382236
899.9788773167736
-17.40253443636368
1927.853949577067
158.7025959173721
844.0153603109576
-1.5508909161385418
-115.8285071952596
609.8659542634622
172.07298388599796
145.59500592208076
254.84909577310384
482.07166076735393
2421.3618199563766
264.8405782130625
578.8521607879577
372.49360929605314
384.7900143814776
1806.8491454951654
194.74098354137232
1279.3821291343743
1777.5005886375957
1290.1771159150244
546.2999903090952
1832.0682505365776
622.6738825174159
478.35925030744636
627.2697835474024
945.0611020770773
1902.657887771889
349.6026624093618
1271.8523869330147
1426.9389215563106
974.8813850533414
140.5333272432365
387.90478607132366
777.5866175536923
1832.9117391239383
527.8448269331487
83.2926676017936
1744.919633900597
177.58116855001148
236.01251578378515
1061.3073068711487
1736.7157233959715
1744.5992246995352
527.1497686163527
472.77159606644375
11.582833786567576
284.3722759498617
487.65722782165716
-34.81922020211209
294.80512426468306
1660.9332115095376
610.5645027654127
433.873413867374
1406.7405633586663
904.406366500744
124.20513110399236
136.93897163551853
131.28973920101333
1377.4224273252676
1334.9566122564747
-9.048993731194138
1119.4533075956178
1017.2446673388614
1291.2915746016151
1666.7955377579751
877.5059672730806
612.8256121583242
607.7836868424396
150.3432001820848
-124.26834060656647
1647.935007479684
83.88286312261349
357.80738627069076
1129.0633110490216
128.96789458255674
-145.17004013199025
89.94845057698166
512.9214980491607
1426.8338955334198
355.24560929572976
315.8594818740389
704.4931643001818
391.68568845511487
596.6533421995948
425.9533935799674
855.4403746338645
785.9493661401302
812.9361922820489
-252.3783481528855
454.03382323718057
867.1222250177074
80.08118349586907
717.7683316091375
1044.657500555958
130.26422419660562
-14.050533650722969
615.6093219156027
1635.7016278842234
75.36660846411161
348.48814015760325
1428.8033992411306
1182.1231744830125
966.002638423268
581.5156693152841
454.3217344236878
1232.7104564994233
190.65855191208954
749.8491119430728
63.04596712696916
3.595622748573337
137.5964584141981
1865.459708150046
335.0568165138285
1045.9809509493011
763.2083783231097
914.4139724751658
410.57794740877483
608.9502162297292
782.7861027316122
1665.8070978017477
323.23657911256237
819.7821005310558
790.5015593798806
337.5470764368396
838.9697316624993
283.61501520932575
2363.352564874438
1375.7570549875163
16.209764899295294
8.90629596365119
834.3036283953629
-6.8411474313428755
835.1085042279024
219.93616936439435
195.08918139971496
1566.63976842376
1149.4074582010735
528.768897707554
318.33063485529505
637.901455389232
1058.839645059095
648.1606052424065
611.7274193873993
268.6871126870596
149.45076165989266
86.05518557811308
-21.29741526219332
1963.4971107295537
-70.51415109104951
937.6727558730329
1066.8800282308885
1732.5518761990961
725.4606739710435
1706.8600683692334
287.0658663279945
196.11992843967724
318.5475375486357
109.32495982796148
991.588120674491
434.4138812490998
555.2066184082689
343.81803732984383
1110.4283560324625
1452.571162609821
1765.5257054592275
1693.7333974092394
393.45437845017017
15.832540900148047
1073.62533593447
256.58207173891697
1253.5206235325963
148.58567188738758
1834.111402057902
791.0349147245593
306.1689603550566
1806.9991027243777
1656.633632925655
2387.409731580262
884.132011236194
1548.4168533543998
-486.0712184531114
271.6165047016712
571.6002245397713
653.2096780380945
697.2840998553771
695.8945780593307
1122.6276988547525
2.2720346337603488
1020.7482063222466
352.91582834866415
534.6376055704441
368.72227915029015
1034.2522811360454
-376.38736866723985
793.5919444026201
1260.294234000965
246.5435030544601
2243.6120545615636
524.9048402580139
245.57220498627447
-37.48850940997596
273.42174648516084
115.9926061511143
948.5360550739424
22.495420779454946
166.8025579319574
1612.970191779736
1649.808500930757
1036.8232765402722
154.00471588520196
1103.6872714495867
1199.2147785639095
1041.9090304661054
217.49331299188503
1121.508711658386
-18.355963971360325
295.1105962169716
24.396693354356906
1477.5943451247158
482.68680794622594
236.31365549614867
1405.8288128949025
233.8304162296493
294.0688866751318
415.0126281088984
360.08232697601056
634.6876036214095
1102.7488584765474
1163.848811693531
589.147575540916
1820.9748915851746
239.64098673934782
87.56331728672386
1750.5353558307984
571.3633663956155
372.15436632515593
743.1828542317159
543.5056989510715
-71.71046862451195
244.45741944934784
710.2555340649589
57.10541197432849
203.78345845349662
78.74461932097933
156.1507362474318
603.2271590985068
183.8507328135514
272.5009842280896
186.1190353906935
1160.7022520667824
740.776299688877
764.4336890300988
608.0246781070707
170.4647144660992
233.1179325526449
571.6333120048124
1158.9719147738638
105.09420721235011
322.2369681750675
673.713720125673
164.02547132539195
1008.4943391665405
-30.815024158246047
1061.535403900858
133.08442866516987
-85.98439701861012
715.9911256694828
158.26526040493744
9.365252417592362
-31.22369734394522
1369.5489480805186
741.5221782684024
1028.94855937082
2446.8869129462273
340.45163714708576
18.639450381618428
365.8609251926198
263.3691597522147
2344.9888428736845
1333.2032602757959
264.1625467006241
1567.7355564301747
132.76316668559957
584.6493542986842
42.920373791949146
125.48644244203402
417.42381905930836
135.7851849340729
1402.7482035205544
159.7691107036715
1986.5392577959747
570.2759500259133
1179.2664866689051
301.79265455569816
1306.0797255186017
481.5289072783312
534.1154050556175
456.0687357698935
139.12657205578574
1004.6163195234296
1779.2787380758032
1885.8387063092532
1642.3230971076355
420.11049602538145
-80.10687324764831
151.55235682326702
171.41194058342916
469.75418377412683
591.7835387077167
287.9324416932147
799.3025887676804
221.87301891895382
785.6761830162249
456.30614723259407
692.239836085361
1234.4159802919585
600.515959353557
1209.1950327114082
239.21137899180133
814.679020216337
390.2916519907208
886.9278742965957
1273.3989533035538
902.6752730468728
2047.3937915954361
-182.22252631872453
1164.8737505751205
348.6817419697252
95.80322451168664
36.48060061953856
1330.6087993563528
1084.3174227665563
-60.41242499370651
-117.82234095577047
492.8577715115076
416.29074562269477
301.4444823798618
616.2032222530254
960.8233351205757
-96.2781488966649
140.00756432117146
1465.0488816852403
1342.4986946026988
331.385731052932
1587.7569719084295
-166.8905038948168
778.4711404423155
541.6591129758453
396.6327200056223
21.05607845303578
84.23072092595429
1298.9884465055775
922.2303747698311
192.31738618562602
867.2857534132545
1119.0217983293664
1506.0089837124283
235.7833680731269
262.4574515185105
390.5896917200403
-101.39902494963393
739.7319143206083
539.6953983828427
79.28997001215404
256.7892706194385
541.7666881879649
1778.4583207121314
154.0814747391963
1083.3969543150315
388.95358856201307
901.7820085419945
1934.4593659110237
244.021291322767
1132.0294071980015
-134.73915205933315
602.639044858727
448.537592868394
1422.7331305883786
-135.1458569624588
193.7306886218342
586.9722302582958
794.1576497613983
816.7280219157217
955.4945249597874
848.0236380179073
176.22185113843523
490.69476393775153
535.6014557849459
1251.2013737277389
1822.454830296043
557.7167749835187
174.3222134071634
302.7056605239335
463.2902862734992
1771.9661432703506
789.905563429112
945.5314259046321
728.4675955317676
2939.7090752808604
2181.789069484179
504.977709871823
669.5854413076162
228.61957173526926
279.4605398455466
514.0470783401241
454.53749341536115
1253.7929163419199
837.2723591641375
446.5572326764203
424.00194117281234
-7.867429172116644
803.257114116959
167.8456343802918
295.6150608220593
180.43953780962784
378.4868093919993
409.52119074565934
363.51549453950736
948.9548329302636
212.56932489024672
2288.970295710534
246.97109095026644
122.42046289300134
62.678787727298
148.62150148297468
-0.5583457213986094
1932.9573037385458
1283.2866438580322
-63.636675587162614
1353.4088258673883
347.05934585802277
1306.3356266784044
1915.5070057207436
-128.9841501189983
1050.0081191229156
1412.8608496015936
330.2490398775394
-21.75513283717423
324.42187286412354
877.0012624321481
976.8206848916301
699.2818366835398
140.28002918126742
1016.4829255172277
400.8053754616519
-277.9534538372702
330.1312751497743
801.1217829389265
1034.2891078785497
235.49607263145765
13.681095833281233
1106.4541349733468
119.39089379790848
98.39536162687449
541.9034307023506
902.9906175203524
701.6529481632331
885.0733273998751
365.9216394047253
666.9335777841092
1367.3860212599488
659.951523026056
529.4596632980997
214.25523459870158
2866.0790938231835
1388.6026866200823
179.65737700096858
806.0876441782602
2296.212417818832
182.71942393918505
-63.22969330397399
1548.4791518704
332.1118701918862
818.3007626661159
209.5763195329197
265.7930916105424
277.64041363937514
188.49986756806325
-20.52850405713616
212.37152798572905
372.733825652793
1492.753028169916
611.0069440371122
1898.4073145413872
250.6055852919485
262.68865672258073
330.6781851486322
256.07720649572536
658.517888477661
579.5049939928969
450.50119233508855
75.96032784420915
156.0259085041052
931.2399136138538
1387.7391693137351
1607.8607618042001
702.8290446314339
1013.1879756252002
544.7612520205593
621.5950794323696
600.2635649078035
278.973881435847
854.1100223864412
1544.137927988203
759.8065149465745
539.8377699287195
2792.667925188607
243.2384686906586
-39.89399605283596
350.106255487756
-117.16233821260369
786.1627767589503
464.6609587041657
1505.0803797160902
366.01385095850395
536.4601338203854
-152.49768622201907
1329.9532806396523
1025.1676345440565
1297.8895444161926
408.00428337792965
1200.0035702820778
786.0926486361702
465.3207246251018
175.00495091098742
1003.0250536500848
569.4612523103207
936.2750801027518
1805.545348875005
246.19076177614005
1033.2597439454312
1155.5119405859932
1930.0569001466552
-448.8075491319546
1644.2215146442713
901.2545038670214
189.76012717959713
1192.5996996004956
343.03641968746916
-312.0915414910859
207.4117271538438
1129.181419902348
508.5519947162396
945.9702365197262
238.90720968219887
-256.6176188965918
470.77646962108463
9.19309868642928
-41.33755985393816
925.8013074127273
-107.60741752730904
853.8209180711165
36.79763915211254
338.31172181887047
684.7611686294612
250.93905524633738
312.14642326320376
698.8355384520722
501.8290516478543
3161.930953917346
2158.370339570976
1120.4521166614109
37.749997329937344
474.13056141838433
161.6694120945136
1118.7281606534443
1330.9615846146821
1124.1043906763916
682.3960307164047
-264.87717232854067
535.3568864556761
532.8684107660515
-3.4330377210246104
1004.1867528670825
378.58888938121055
1061.3110021456378
250.71680880911515
507.20854680222726
1352.5408786500757
487.4130381348991
522.6460739931129
-126.9278425699026
1203.0231848180251
708.5223355352995
612.7647960361518
807.7256991190033
212.046793115901
-332.0609337049602
76.38977778479115
442.5475593876513
1627.326700560388
723.2158345535283
151.0941508511075
1656.347739152684
708.1408824496541
554.746652259639
300.27920711444864
364.6859788688236
1014.55223134445
1349.4573184543233
66.77453927032185
268.6635349099173
475.558373644682
1249.730373631513
283.39286576348746
248.25878359642965
61.24592033138211
-137.1720622874237
402.7071645071048
1058.977062464001
765.3574938254311
170.8233631514513
1252.6451838825337
240.2050864099262
1174.3724598540907
107.16060401328488
238.37304885283854
387.79028871115077
1194.8029796928572
94.37171855228303
1193.1486352007387
-26.59954520038879
295.3436699902898
314.70996205167734
310.27787640257714
360.99919193483686
698.7904368801774
624.0974381240641
1421.6203587365803
1037.027965609123
667.7117217390829
-171.22929547357933
589.1676313278274
350.6506879519236
2197.0290382626754
1335.4313115626
919.1405909960791
261.656323586257
1508.3048793270632
1296.8779136524581
1453.534155836951
145.69999627095842
650.0874981090952
215.22219946976367
1057.5269049944832
46.89577271307412
970.9753902385484
1515.5014365306843
1105.299095654676
1710.665350027558
17.658935913016307
932.9402626606354
647.2847437181699
892.1281082120049
329.2428123488205
164.14843477105626
530.7964618075839
315.2608982629854
367.85579171357244
-23.369606179469397
1081.0521518755945
235.5340535929626
450.7161103035084
470.7175956719018
257.65276469582693
1143.8390865270603
132.5204234336781
1155.732143960954
1194.6358303447369
1091.9476313322912
1433.9000125874954
434.41437197196274
494.5381856818456
108.80562050163007
2426.0203663806637
539.9282909039895
165.08829567741486
10.513240999202505
471.620955642242
491.7405553766175
183.57684508444817
1843.8313000202115
363.7538286325912
1406.9575031970057
-107.9799464972931
453.46107882535955
433.5645741127633
927.0299340387089
695.7158630201709
896.4742024641998
355.9316079651019
1056.3433728591658
968.240888155961
1083.0547936310504
84.08350116098634
108.45399495677114
1316.4761393815243
1596.6203404257194
945.0969369944784
310.32953493616515
251.7226614933508
51.51904489176886
1432.208585584871
-302.71427055770835
1947.4271112893553
1146.7693106344873
1412.034756569457
262.728326500086
1047.7014290114298
229.0255369038734
246.40060591573732
126.9239736549487
728.437382184348
1478.4932467027274
1754.290444227494
191.93555903336232
1031.1381225463451
1667.9784359265936
754.8561480635746
472.08323801090353
1782.8292289064461
279.8813457453382
6.534169223453809
1495.7511129369518
-115.56459388817576
370.42780182857524
1868.5584162203404
369.3287760784537
262.97624351890926
888.101058238857
2091.2449941923933
538.4877814684049
586.97492147735
1063.1380846264806
168.08066115983792
-605.9254122602083
554.394422513005
59.591875660959744
79.5136791287743
1386.6296514412552
358.86216221392414
495.84173677321434
632.1787947288991
977.0611152490441
638.8398358335552
627.9985848887592
1097.5360829035803
1152.8033272137823
1244.0663026725374
679.5129831905496
469.69791954542194
11.039894848653006
545.8626710501832
1270.3568809507742
328.67335555558964
1035.5675918891034
1832.6136580836956
433.76393682306906
134.3715360577877
-12.589587752487498
1119.7877294077743
311.26341647004585
435.171678020028
1308.9060496149118
1509.2565433046561
881.7825479234867
-124.1294068060574
842.6765316654967
190.61421694660083
-48.2405766110553
1143.3486683943752
978.2992291384497
1160.7567733384271
887.8010863197835
99.6686855832989
979.2616100747852
440.5037505527629
144.69831103746102
683.6090293039705
337.32591793124357
279.6903712212357
1160.9547423644199
218.75033026681078
511.26480176470045
135.2708101474506
1886.0937830452622
474.08659316098493
1079.194396167004
577.5512600210959
879.0439535043657
373.7319041798173
1461.211213423217
1175.5884106064718
305.1240999977687
336.19322988252435
101.61598767493949
24.57840004630613
140.4100887173487
816.8018386206348
160.73069215571684
684.1000906674252
1507.9149981088103
1138.317923221436
309.3453465210489
190.6997992173548
1070.6977497169728
493.5584490048224
1342.6210821603581
259.80346163610307
1818.7563210465246
61.54269348447963
1000.4729079816717
1104.9195582379148
176.00447155121054
2126.049992409053
1228.4485717661546
1013.2496450941968
781.531794455953
150.345595290252
315.80450054110514
-228.2009217326309
2311.60102225391
37.095705291981574
521.0224084300572
823.7691344830076
779.8165728060638
865.6941435306226
43.494586123420376
-123.98358361657588
-595.7845766644646
1332.8183272756223
308.52914282216926
936.2255805587307
177.61005735504725
1256.6699571104723
416.6358736083664
-104.87549202001553
149.33095719096033
-73.9603428993685
978.6260614795568
810.6853484024463
253.299072000301
1004.7477642197831
-147.8411324794748
1093.0652250221638
1416.6872651577564
2494.7596820092335
924.6880225276107
126.64701232835455
2086.7614340572372
1525.3851881463938
324.8128285595498
-25.572381659920836
195.09697962550118
1172.3270096204083
1517.0392608252914
160.36490100453182
-146.33684184224416
1392.835259929871
872.2114005577149
1180.7106697803792
602.3700093747683
770.7803611383857
215.76305501370672
221.09177001905036
375.78398300349494
1588.747306484198
1016.6471855330778
318.4750360676382
1674.5694936300965
279.1450128751432
453.6463555066799
296.68477450630263
422.23921686717745
210.73093609890725
943.6172587904678
730.056133521067
381.23649439314164
505.2003653705606
158.38958878391665
1182.082379282098
837.8976102952938
1265.085373955732
870.3133931506728
488.69470735158785
869.4970743600029
903.8593055255399
577.0605040761332
1197.5886145628165
1357.1649699525547
282.22777962998566
1304.795708635379
666.6904536048485
379.21787340979995
69.20334358241172
1663.4891601371442
1360.0459440282511
683.2969534818187
886.1096829456765
279.60409450447287
1054.6528864099578
1126.2712068809283
1561.0512231347057
660.4322329054834
1051.79071894266
161.1635145290457
1141.0595690998011
1008.6204021041349
742.0484665793277
-125.47744945568377
505.1582786778631
348.80545644541144
889.703781271627
-43.54071593915842
1543.3098281280986
428.1466245521059
103.1175957018374
-243.43664894108673
233.86566280219316
896.5321627453744
164.63388965947263
504.56390265501284
422.04130134906785
964.6638190995598
1138.2186854880842
894.6627603414171
782.8113777814605
282.05346774885703
106.31423210068158
626.7163905055689
976.7612085580599
1816.4604178188943
574.7442165017229
297.8175707129813
1133.8987873394167
469.97655771570993
87.27511162723385
1149.706386779144
273.4587896169728
1075.866702540604
1140.0738473545262
246.5412975156968
1598.4175023586486
298.05517239240777
459.7154668276989
273.6484414327334
641.3626616947523
-119.78289148918726
974.8560151788877
306.31970621236724
1258.1897304421905
195.43178969907527
831.8092373692007
1074.8270931495595
552.358268267849
766.3208841224604
1044.6483304993344
585.3176646317029
1025.8095019344773
1121.1132101065614
11.065864362142747
130.806767150554
683.3492418289816
956.9597904129408
1051.6697018983978
98.38337094769885
142.59085950683053
424.6253972658417
558.2348664717858
186.64495998430024
1163.3185924958939
1637.3488107395692
1308.5356858874038
2015.605992682606
224.29835524745434
295.889213126266
745.3458516944607
118.69858846006632
738.5046039504176
-149.0522819688896
265.98416072828707
1286.1067094976684
2247.2274147195953
1753.9040697875853
2539.006740119556
569.0189164398487
915.769689827003
535.2621840163888
609.588984865593
2028.006018036363
1010.3566514157762
2375.0406776330583
-109.35575348266786
939.6122935222393
2985.964770760715
1349.5312616405135
1454.1520599997507
308.94327472501334
180.09362830128902
92.6481689680402
458.22662357463105
546.8692321079471
101.04145787332199
1078.3398884862877
1431.1736702163003
639.8076118726694
983.2496117147282
136.68365824466295
1122.869582379145
208.91200007488706
2100.4404701364315
247.94059887175712
111.06037468827842
71.46172971427161
1128.6368419941073
96.7855813868347
1641.4086793614006
229.0260834340742
327.9024474759249
1109.7958409387124
2599.2748792755065
1280.861037586496
1228.2871997621232
740.8612187599484
733.6664252465457
57.00823528211777
206.65479416061817
1028.215589873571
349.90146131545305
541.7616300042417
70.77487181064302
214.04721778551485
-276.5232749734943
877.1523498008388
887.2885726847957
238.26326138998343
265.5908352235426
627.8806769518303
333.6310425140148
370.6242895598983
1744.7510500813482
457.10526413851693
411.0777423925192
421.69685876370534
239.1846787272587
130.87607427365552
2379.362324570371
329.7565814296375
442.32988493719637
763.8311721087402
302.628717273956
443.96659600044956
667.3140190338589
740.4134959578621
280.8173566526137
-1.5307363905668012
943.148607088154
28.773970046150623
1261.6707616578433
1098.151803235391
53.1693786752669
975.1760991068686
660.7351316892608
221.4146523787631
1321.5898848357288
73.35684101176945
106.58649147477439
918.7200052605667
1008.4080173892512
4.72389774083593
613.0376474183516
111.89596253168087
1656.0780333611228
561.3495804648985
127.59639517843237
1528.1969825291453
-198.0610565612775
-92.70046435714846
1343.9239527048471
145.47769976686544
2434.8661892994096
1089.4144867444447
982.5984025545418
1026.846745855426
812.3257418117415
190.6084271535438
802.0699509489112
297.31998071481564
168.77949373283985
38.47296108472142
881.8783974735476
425.14658384605707
785.1346289558063
2009.9108614747383
2265.0429654720356
242.82687155031326
1488.6805571227483
619.351432871507
1096.285954229168
994.7992446698182
784.1231367402877
201.62113352229068
214.20973325002626
960.1149936252922
1017.7670682934312
369.41774622201444
706.6005223419771
400.15643955173255
188.7728889298061
-67.79771573176328
1292.946829112465
1556.5895558277775
1322.393907420409
-200.95930524710636
193.73755821441978
254.33137875305636
951.9962651045045
1307.2651764653579
461.3632254347381
1914.3661466582917
143.05513593154757
461.5611472524554
-15.391092196224037
1159.6997368754442
330.1049575657052
1682.796792916632
-3.9729772866760804
519.9412738067653
421.6621424720895
837.3757586855315
372.47847801712317
1047.9000672190696
1873.8163263736578
330.3482601914159
540.9400412090703
788.166745353794
1406.6681187659487
2656.0630977692304
64.14325896313306
1054.3022978304907
881.8655736620276
415.37060134965543
261.6028689479041
972.094491050365
356.07009925821535
1921.9546033350052
1184.252266023198
779.9697900298821
204.9742890278746
196.47969196639906
2096.4390178973013
10.40126807013263
796.0599265290344
1991.1662426970474
666.5567504074837
287.90800785163793
877.6037819668841
495.6511984048718
325.6301546774122
680.9984302576386
2863.868339400666
251.58591940273493
2146.6666294637084
1322.2950328129677
106.81751286711597
488.5777110500027
526.3727641967015
280.17028650154526
145.81179931501754
1234.1458309738705
386.6627079962093
45.327887356526205
1819.361673918036
860.487490754617
1937.336819236728
1538.4624716288708
888.2276105248952
403.424259126367
-13.924293756425868
657.1848957749744
433.64014629393773
549.5700015519343
381.086727620648
1426.7402580387006
19.977166424882682
356.24469349982235
1378.1249748946102
1257.7336722312807
222.79031071009172
304.3876600025598
501.5749704639606
84.46809669776985
786.4201011481404
1074.3927425777433
791.4308721543248
922.5257220309015
169.20143467538264
1843.7453572316408
-48.827752032472006
282.50276559827273
-207.39026007844768
250.47588112796348
1201.8258057041157
386.8249432592875
1061.3234435589707
437.8960172296813
1912.8556096097377
1249.9571628674948
423.9173997570473
1652.9133743632087
365.7574024544231
4.2359440024328805
257.2592829313944
1422.6557056130969
1822.5106488157958
1034.2357331096873
687.0480013704479
260.5285031165157
205.90915355646106
177.70766260232054
259.2440021462228
-263.90872008160375
617.9835694310583
1567.1284007165905
826.8652751189217
415.74816430033144
466.80900998400296
392.58934323031224
679.4033245500949
1571.2947275565139
272.069786029814
205.15309651929155
1984.753239408075
143.82567751041645
233.7121500419521
338.61598439239265
894.4389549687063
934.6903579952588
937.4234292184391
146.6829623232025
1298.0553345254207
543.8382387434426
874.1043210186457
365.12867805317285
182.80449294996384
621.5762153425852
375.81498736349636
1719.7936574532755
1615.6494979146564
1092.6772202535453
267.40036451499515
120.93490339194355
-274.88089344881337
741.5719819146249
944.8470186169155
385.9165814072554
813.3377539689267
269.5511716341342
-396.04725543871723
331.0224464108691
1007.431248055626
752.1991319191791
56.01047219721755
257.5735681260087
-25.673724131773916
681.0702889045963
1453.2561410441804
16.70582864110554
182.08795286278877
224.40694120366516
1601.3433374141123
1320.4092709435813
505.83298494448286
1301.95588073314
679.9239941979502
1305.6017620650919
999.6200153866936
782.55411887106
672.569257192914
-302.8623187588415
1.6366673250416284
490.5210737008441
1303.7614499738343
1559.829283595494
422.49396075144006
1126.4360127351993
931.6368243267184
157.70985769801007
230.91894962714304
61.694454664851264
456.59822958443874
462.8634543468588
76.30569511236632
522.8988801388056
186.2075808873556
74.89318665945704
542.7414264778643
517.8222687185048
355.30246935389744
-303.5311114375626
414.9008787970762
713.2125148619116
215.03466711827224
943.317697096076
731.4971765420333
219.77145226545
-53.64008298104039
1254.36342871413
1886.982474813134
4.853806537077617
569.1076281735754
2078.7189560114202
547.7167188707696
21.15257833183494
-17.356631017914307
207.2931618314876
1180.8221039822001
314.05920770158906
1609.383795104785
483.1010504855724
657.8772199201355
445.06863157131573
912.9940359228257
-13.882074568992412
651.7844171555661
1118.5977260770796
1307.2497827531156
356.6143899827707
742.9487451670243
502.75708943289703
978.4179438933778
2549.477505172893
28.781837952518345
-43.71272831428968
-117.05508936924451
1344.7457758534774
477.5712763540222
1236.006115685219
1583.5873334877888
507.40930507922644
657.4245150520397
692.6344136582943
284.0464022233006
108.81442577999684
182.57260432117943
908.757055767915
929.2756040334322
244.5317041017119
640.7049870493718
801.3715284205456
366.0027291927341
1625.8651392843758
121.80856773179792
1356.6026474734304
1207.49344650407
1787.9197420809378
-68.04744127311358
722.6251375747348
181.32106011876579
416.17576282197814
808.334161465211
88.57534033964507
1053.7982145713836
165.13159580701407
407.42273368019175
595.6905857366535
-28.18616037003838
195.25400347203595
2059.633766807042
950.9976104193252
-47.46937729144156
1136.9719586738743
408.47572606701306
122.0756851696506
365.02395205084235
267.7940155534168
1819.7314113790385
261.3129054915376
264.3843763023225
211.83165836524392
532.4343064341879
384.6309846773409
340.50955383784986
-209.34737452195836
969.7441731682704
1822.8662296162097
404.1165104457814
167.78805967108445
1506.331776203905
2139.9109834133665
-100.66191310208052
843.5765845738441
335.0091587225278
-164.93553653298255
879.6562176559592
1049.0440207453375
834.6780379694848
-197.91271303893376
1512.998451178963
499.6978129741453
1182.9568465015645
82.99848900919719
266.68536775203825
742.3859248937745
310.5359522728986
300.37184367880286
502.8085531778877
974.8623929924274
809.7578268836014
970.657206165528
-534.4068349845691
1332.4413614107284
982.7415373985258
21.520705396409006
490.3743069420469
1159.3586265097242
40.09450337208909
1034.1130764930135
970.317305933091
832.3822855320635
379.99200019423483
-6.723126368166547
57.2509960946811
735.7482201345935
2126.599191458837
521.0981296007204
726.0917766293231
1923.106947371221
471.55211346820994
122.63070644793208
1324.440076027106
385.4025218771644
846.7693080874251
192.11837510024577
166.6627768316971
1335.4711372190372
157.02221940436976
760.0655778681013
991.5926353352453
1101.3228434295188
-8.977861710549718
1212.5539926965612
1587.8860057605507
1534.1880223098447
-222.7926513158628
1548.897471347063
1084.2738240194226
67.65683140227355
1633.198630262917
665.082205338602
330.230332034564
-8.707383167461046
960.0154064850952
1090.0693787888727
-11.344415667656563
-129.1498548610042
772.0644213456549
1235.413288339536
315.1227185249798
692.4560045063871
239.39346769838082
51.66651732437862
-136.67192869112
932.4023950132558
1.5275558056724883
895.0581180266275
495.5918263881663
2278.1314997798772
603.6477526822532
252.29003159185447
269.21369849671964
234.70289398951374
477.07658759603487
-77.6156136879697
1574.894733534666
745.7801892685203
398.11930706551016
240.3599005215826
1383.818490943724
1069.2080358490884
1104.499688084211
221.12270891034476
-55.5407593364951
428.97119485370183
-129.96888311211677
833.4471724792274
-24.368147798234077
256.125696209
908.9084579122963
448.11019724141767
857.2888253653549
759.2453016052125
1628.2665455455203
459.60271790074177
1414.0695800353606
644.1552325733215
-109.84452145212668
119.75815421258149
383.0865210144517
1113.7936167677854
27.763481113575587
1422.5733839059608
506.0414976081247
1033.4054499230401
1860.988317557773
466.8800366287797
1566.5565451305565
1008.6918555875985
493.96003943067115
1019.192853817559
1373.1626051476123
-172.34228812853195
833.5538472862248
628.4891663418144
1438.6983460007432
953.8853235468349
604.5350609154375
372.1063384082162
-391.8470449840745
558.7795008741576
2136.9847483443828
2110.765334064207
870.8561538126409
1160.1921854424613
393.14964735801925
397.93489496887656
836.8548502508648
352.4045030611347
34.69521418027742
47.534693729736546
-90.7947078284082
604.5974322555977
-72.82976057887112
184.50717408052637
-95.66237227525579
-57.31976468136884
637.1463208285894
-241.67873110802148
999.9066201485573
1294.6130455165985
714.68851958489
398.39800915313083
-59.876828351785946
1371.5213569920998
1086.5610928887813
77.08916085120727
950.360094137683
823.5541710548218
316.12800001936955
827.1033439516526
1324.4249850269657
1303.786987897985
139.4970696273835
246.0459267235804
540.7343391406334
46.010733991678876
492.8976527314777
1070.5487671787591
-57.85489970196939
357.7652221287485
72.40872206682913
466.39956695506964
268.5477467425591
486.31391075213276
375.3191466051051
820.0679138274273
493.2627101458212
1620.2474976517906
190.1973659346466
14.713749805706698
1068.958603486758
1626.9132914220218
796.0658136492433
1423.3934158440825
-0.3539118246727071
-55.694570773848035
281.73927167300565
268.88757825515324
226.3191735281263
236.6468606328876
1768.554235032269
272.8825916306213
1312.1546378714647
207.88348859220696
1457.8137596108386
388.0882521858411
1427.1194222508652
324.8995821234102
928.8563563016388
575.541519204989
1419.0376023792905
-48.40505562232678
544.7324971511468
1303.6433014723293
566.7043975267713
-348.2575527882082
83.06559768361373
396.92449425043895
149.15649731884105
2148.8522444128384
516.9242304740137
243.4295239647984
1903.263682677557
1233.8514883487796
131.62629793729158
958.9464908056542
2093.243852259862
1633.251226233775
2205.0001226542304
1239.3791225685745
643.393306811212
2568.490415996412
596.038141711541
116.53518215454051
1613.6998225157417
371.0970617443812
60.628689466455455
1851.7553113719769
2886.1058013846005
31.412525107642068
1128.6530236354452
141.48542261875386
881.3857401131394
1541.703375813363
202.81169996297973
453.78076194905003
813.2959803638938
1830.0165695407386
277.2612664125303
268.89091729120616
579.1988184860631
-206.5100765537473
893.7997100771406
2285.4482800450833
-251.35287689991708
1257.0099987594945
499.690486259012
52.03456003251017
70.4594605558722
178.633847730284
592.8756805488329
1270.5105234739572
909.9180507322912
2040.4661869803554
322.3856291977632
905.1686006157003
429.9852647996122
211.7495541480507
884.4031907364401
1172.6627855436336
1007.8747974161123
363.59824636751233
1637.9820718716987
658.1890397496637
463.1038879897576
136.23192887240594
361.2793845905098
338.1312702836944
906.5498208929652
851.9377983737967
310.74354184751
536.5933601211854
184.053466622931
2915.7104029640604
127.07631190401713
578.8222089004383
420.84356899176015
482.8279984697564
370.413597472892
428.9710628302028
597.5087519641862
1089.6728176706897
1167.4801561787858
333.5431816370617
319.48928900051436
2693.628982258554
1728.4181088121782
263.6013503216386
110.6914984711578
1212.0679680635544
-482.0572142236074
846.7612586132622
87.00225774971256
-98.16754559605181
200.73830178774847
266.57488719468785
1428.626794471255
146.58954605086547
1448.2706085654859
1694.8493799084927
404.1598023883188
352.99126897198755
711.2946615119188
329.1200992695788
245.21069042246157
229.39214880776322
673.9495274070264
225.6867731642545
172.75671029305505
392.23229092082977
1057.3892944598279
1009.8502177282093
984.8763941034232
1083.4969718875773
350.56550869671736
1218.795287455444
163.77498046640335
1153.2060668007935
1790.9741060025767
293.06102390312896
330.3562524442438
1041.4727839953453
569.4075009170867
1274.1216839340327
171.38611697990015
1028.6204291160461
1033.7325984506524
339.3734077421191
34.3538526101737
1206.4853719212442
146.48909256391175
382.8080221938563
1823.1848588843882
-73.90252507105734
959.3221716693009
303.2012197449988
633.4945000799925
881.9184104181545
1325.1734120805309
162.90717584814234
-315.1514976183454
972.4903690905489
237.02742669302285
-203.8811777259992
507.7799691834896
1532.62324649217
284.1060536774081
47.88255961852971
823.4167283316898
189.8560429253475
182.58517380255327
467.1736410916944
596.39714655927
1418.5460469307782
84.30393248313487
530.0937947809143
783.0493926514058
202.39101593207496
343.68070770672983
1139.3256668884092
1249.2564966502778
182.905835906096
153.60501901482718
1105.7559416900845
135.21186826558005
1016.9422068669604
1022.783806643983
1324.2000425117972
1064.614844901615
256.6674001920231
187.58835633165688
117.7319852144121
-234.55193234730547
208.00709989409256
1280.3122150750173
635.8654473485593
1103.1469163414886
733.3709182738536
1540.689442547699
977.7121253093588
349.067286756128
2152.8051298554083
524.6397586366656
15.242728174120387
180.87253846483958
484.5431696118936
887.9645377743291
-93.78270829605106
446.80793019979694
431.6453247184054
-237.58388174569487
1335.3735193676193
256.28771985254525
2707.8775691564065
65.72176528489787
249.66261532019695
707.7984048331853
223.00491388412325
1060.496113251259
462.4641947755629
1006.4068203115218
1003.7495545059138
549.5539870231786
1112.891502572354
146.0600351618859
1429.5361157660418
-30.6880658355293
1276.0627853897977
1523.7057970076476
273.3490793588837
1190.8642220836641
61.651260039777554
995.9725115050749
1727.8611273067022
746.3141859202649
449.12585469770113
530.3020185111791
712.9948348117039
1136.6221330505596
1436.2981221962336
423.6368201101217
1334.9149516025818
373.3682579071159
281.75445413278305
66.94047585166601
563.0143226675331
1928.081545468754
1030.283762323511
175.73780057639382
574.2430716307856
761.8078945456817
215.96045740561334
434.76144765455876
203.83982218931067
1856.2870858927395
103.95394873182642
-35.70680571989439
1432.420187906272
2238.566341817547
127.21910182467602
331.1252877657907
1740.8682318094811
668.8021450518852
1220.6289544623305
638.4242819157458
360.81428955455135
1250.5139881704358
911.8519655295388
548.1065628439492
265.4218975324161
23.156318439775106
1682.645344945794
390.7448619698627
1440.128807259558
328.3692764508449
518.7328527600185
127.88015957345533
493.7944723082177
1311.897521856367
114.0239297856013
292.7958047738984
344.2073372887017
236.5941326985449
1680.1982207678725
202.88935912992252
1111.1580775336697
-88.28043085024746
349.5210133219904
1087.3291217110109
641.4971455252279
1069.4994812829632
590.7353514921845
1432.689099430435
403.1977060678229
626.2456106986823
1345.243445887028
219.16991123457075
277.57559527275544
584.0925095715698
2133.732647754802
948.372753263421
272.5094811113479
259.2478631719255
732.2582535058538
285.36577434142305
1762.714039230761
597.2637057311579
47.85608317726006
276.73272659033756
1820.5029341743766
216.21509047914813
253.53472295870586
570.5647187900141
744.7566658322845
352.45652340969446
986.4820244290587
657.1581086591736
519.5190216195837
328.8514685885437
1004.6242769782692
166.43681940317265
1408.3190780674718
1225.3413776667699
2105.1194533985627
290.2621458101009
-108.07837560372056
650.6199367035732
886.6184405557073
838.9656568925601
109.91081858810566
1540.156897159136
225.66567621770588
386.7611933031242
274.89724110078
1563.4621234033884
-166.37163095508814
196.68597490062638
709.2934864383573
381.1206640697508
-160.82976513549073
815.3605468353023
1532.4807681234429
1712.8494692077143
544.8654897467487
886.1286226130421
398.6984029844297
8.206019855182724
8.514878175619913
22.954296137964963
991.1005829993612
-52.98913415811427
10.568952152121
1386.510122641983
132.31447653056802
52.89925486021172
1134.0291146272707
-23.2810559639085
2165.4774632399435
1169.72073452752
324.61314735967125
1005.4439223863517
662.4514514681074
171.42644373946678
-181.1578842600238
3.9850808200327705
1330.1075808902488
337.0137667858295
448.7524559575684
614.9312484863812
288.1832079190297
924.5447304248456
924.9116291502602
324.20928081214953
342.2309247996976
1079.1537806428287
923.602957273139
347.4447696569813
717.1123349223927
211.15258669558173
1600.7552356706287
91.87915975958174
453.224528070482
1545.3562961114694
-90.4361418887334
-22.026679015608277
175.58847859269605
851.930267439392
631.2053077587351
1135.079255513912
979.2785534352222
583.1852640484309
247.97344618806721
371.9109860160178
585.1068663537516
222.28707025947512
297.45910448588126
240.50351442081814
648.0448032542524
18.603460321210264
1900.3043397716147
999.6615647268492
495.7044282766265
773.4267827055301
307.61966924277345
-461.1020270331668
205.3849701814842
1022.7369523378412
282.3198620889396
759.7213871846122
1024.42994088365
250.02517506756027
688.8193627266222
325.83514332506275
-50.87201678188234
-237.5782528964839
254.39995741841022
967.8354150673472
704.9398863068585
859.3050700699672
474.1356091895183
-441.81853255543876
164.9958155274148
797.0480773523582
1366.0441825923544
418.98946586365753
198.53498662719463
-83.9661988529151
163.73303511049718
1866.1621736042912
830.6983348013613
-97.19203990457757
1159.1809460976938
135.93187903441157
319.02583583163084
1160.603791693476
2258.698833176746
1026.3660930119654
1580.601363102378
1407.6439507971868
520.0894729124828
68.61510610454063
1019.9943285002813
1056.4995666720033
746.166072612884
807.363493978398
1070.9302717229289
276.0941254733833
197.2415965462191
519.0237407174957
914.9351060801785
1593.9865414493347
164.6764330020845
152.2583620942119
427.22725131016796
914.2380942857468
209.89323472823872
228.2538262632601
603.976372888401
1434.6649931303705
890.6399650116507
163.03761727708314
283.00476604520213
1348.6592162958814
1084.2621557247885
386.4493745206335
738.1331576543764
