700 5592826410103990596
700 12892428114783289845
701 11367079856913098915
701 2377676129508631005
702 469440343477475740
703 13839818643725796728
703 10398959035627753957
703 1554970763294029836
703 2082175940303202500
703 15908091099903322384
704 2608473213957545722
704 9308798957442165078
704 2462875101026704520
704 3614638044564191848
704 5679871851288172231
705 915143373909447078
705 13975649666839414815
705 5323187461248762232
705 16618053324770943504
706 4882575334471125388
706 11580750139068682869
706 13066337651553116474
706 11242478886567724297
706 18225864933931815481
707 17888047942434991632
707 4493444848957408968
707 13178593322984172131
707 1066057325744643010
707 1167153454807465474
707 3953341186944407906
707 10167090969278855762
708 17856848746076985372
708 9299756184427237919
709 9858194852487919160
709 9845780808978739223
709 165797312046992430
709 2718310294941990911
709 7136212265239103338
710 1899019650424656212
710 17321132354809514276
710 14629039670826019395
710 453781137509962221
710 13786345244257284882
710 83779502095963957
710 11445414811563070072
711 390355989421734764
711 11666864798813043139
711 11679396656723789000
711 2031495597548597353
712 5160845393392670341
712 974149628203952710
713 3846970117418932636
713 15123947771100690454
713 12985958245440251211
713 8841958747266289731
713 13958776991845846697
713 8790862294175836095
713 8489729857481874616
714 9126895314475832549
714 8747073576044710780
714 12528310897110615065
715 6328867368618131045
715 12553123874480313585
715 10460734964967948625
715 6875588847392977009
716 8938827891042758339
716 4965679687210403685
716 17228595493812298187
717 12486327853361342880
717 5805749595138994854
718 9065648672662622969
718 17518838941185502200
718 3033714529809593206
718 4687427289776008809
719 13671876307050239278
719 3911324516420345665
719 11751979590423962018
719 6915729815829165651
719 447180166479961945
720 13706180917354198065
720 2594150894529051803
720 4723414921912099971
720 14858302044217362653
720 12273361926717277473
720 8288882502359603275
721 3670211486562930977
721 1255934001045975920
721 17884142440801049416
721 3700636825053264623
722 14093787036939958170
722 8515105850041808615
722 1566496489082528179
722 17093487717579568852
723 9893269775947232829
723 870690383575225665
723 10008129162729955783
723 3129706658947671743
723 304086328091417919
724 15333216778211459360
726 4379152645372596436
726 7708905548713752706
726 2027017777778237459
726 13499920328592436140
726 14046458317996071378
726 16106974082072266176
726 12288205668189396848
726 6323670552801885082
727 9452602154618065108
727 7229320607042309723
727 17035679767780082730
728 11928183613622007804
728 12459362855244942946
728 3955890315039464660
729 6365912567403863599
729 14668898386961087173
729 11048050725164170053
729 15106852886658473108
730 14386365642902702343
730 8228657738257421231
730 32529932845622854
730 3788133361652904823
731 6537130291396840687
731 15112393880405902217
731 17577028402750310135
731 2030896494087465126
732 15490183748000135280
732 8745465344279944328
733 8414954989250206129
733 16197130254076832829
733 14021156808950460638
733 5258406548278232112
733 4991116909086338469
733 8712187438278710544
733 13866179951066250883
734 3865742709377726920
734 15917579913069695015
734 403243237360592757
735 5969776369547898438
735 4142852650517830988
735 14738479406732444777
735 14392527110363927913
736 9243236942448500228
736 18144988566686714403
737 4231733521928038527
737 14242928511587792325
738 15077966311421318141
738 10434546636543388795
739 16167077755980922065
739 3567939230772334405
740 1231401568823133802
740 15811291756651294684
740 17704810510964021974
740 12720965301096991088
741 17153182637556837771
741 15939502196227439454
741 7826127460573821457
742 8609416657724321788
742 5850740471535363642
742 222844903655357377
742 17869074824414830817
742 10307417905611146988
742 8960037382452606232
742 10058780951392529610
742 9625791555168117250
743 10272386577517443904
743 17371878504833823731
743 10670472419827074463
743 12329833009068983578
744 1271872298863586438
744 696656254116969234
744 14908392953477233064
744 4413683412588647455
744 14537258324987160623
745 2234824981576489191
745 11912631904286849368
745 14610199070472499090
746 3308234498296173842
747 3934344626459007119
747 15012430020190892849
747 9133405487078604521
747 7244733437179070829
747 4998507716389458542
748 936842602519567825
748 8770102992927432075
748 1240664564164996276
748 8822459155777198744
748 9158322410912444725
749 17219250861857037157
749 2246424019619353918
749 1150396574656513548
749 14282514535466091512
749 9062392981429921956
750 5306114007821991765
750 17024497477163049045
750 3061527823204608580
751 6568113256258300993
751 8512686715852617312
752 11881629487681450063
752 12130721608918076789
752 9444325386215719290
753 89406266344339721
753 9618251149593359667
753 1886024482937229906
753 8393150737572006629
753 2577037458537895966
754 8479377198759341441
754 817016328258031575
754 134011858779338674
755 2200667176671743099
755 10725031924765603514
755 14506833176452956098
756 1908857131271525339
756 4693851936699354302
756 11775735169909030028
756 17327661267091909299
756 3410349087220238309
757 9738775352156687453
758 11605986197311652814
758 5726843274261184998
758 3515672197302896534
759 7281052114935863679
759 4128328986965695181
759 13121865518588057630
759 13613217710982235720
759 9363061933473347411
760 1325831666850234044
760 9093033004126701002
761 9688497031418399068
761 1224595347052612424
761 14536257138326500697
762 147222908883260829
762 16793494118466786781
762 3380381829383216103
763 593609421920454004
763 15719862693651782967
763 17664555506349855385
764 9763581703355722519
764 2600883100317736297
765 9789154443029321603
765 2873657553454476350
765 8860311855517369946
766 18067623692470784583
766 4325925712005525569
767 1047790315502973030
767 11962883250645785712
767 4143867445374002741
767 7924068256959167159
767 13294722001231537252
767 7394906319109667954
768 4507069193742277929
768 14189949557005517272
768 94166695006650346
768 8168574009246596528
768 140554383190387828
768 17121840769163451455
769 109384612655822585
769 12337840021676655672
769 17509522444045933266
769 1614278710298726455
769 17566140669734293300
770 15927941696611024924
770 16842567664232018339
770 8126506700837949223
770 15558037702914151999
771 11662704305404921754
771 1995862829569578370
771 17057394132247206222
772 1570163455464480952
773 6399385720488167407
773 4632505771004980299
773 11083317901434430078
773 3316106281087638618
773 13225883064702128584
773 4114825247313834702
773 12006995750769106169
774 6128927949824851771
774 11060315518207579462
775 18200708057283573384
775 14070981281328990303
775 10677231513535534203
775 17015457894339637411
776 7173457542760856721
776 15433139765739682000
776 18049861965679532047
777 2562588858871454382
777 5987347860494011697
777 6898152687563105080
777 1889658602036336401
777 11855619034088031414
778 15657330641839816229
778 4247236546331878644
778 11365003847109315179
778 14589365470301626234
779 13898007536664763344
780 10564944331633574944
780 7013881713597619235
780 4725330752559241863
780 13397011725316005294
781 11419380295567579710
781 1908657326237620132
782 1644916948904306478
782 15056564789254040285
782 16347657176110025623
782 11109959759469954613
783 13359005294381665086
783 11688236570239583240
783 4882528920976004281
783 4666488251004732629
784 1880977924197106769
784 9806777129317625291
784 16016389734133576393
785 4542427299339846521
785 8283045626414776336
785 3280933060509460093
785 1126940442360170225
785 10766017945786078460
785 8874848471929907474
785 17398257246884874287
785 7280659502335690051
786 2546274006762463173
786 3229043971185658428
786 10264185356036266885
786 4238499141940268197
786 12007848906662565292
787 2033481095099008513
787 2046608983283469229
787 10540288926405457344
787 4094150634899584582
787 6996780887216472324
788 16577127085466400959
788 17849040571899128629
789 12006192139452514689
789 3503412472577812030
789 2415487572945676498
789 13055152277096145273
789 12712157865862644616
790 10257438142227012165
790 14031248172235191128
790 16540028625569689462
790 3976423651926268638
791 3625082659311678815
791 17730670217028429656
791 12692607819138245182
791 1151672770771758899
791 7680041385619218170
792 14704868329428718111
792 14936217646747049742
792 6761716960330035836
792 12552216903014536210
792 12943891702721073009
793 2037015999488618168
793 17819675181758145064
793 14928214582711043217
793 8352940544844912079
793 14741429686920815666
793 6829880835971826804
794 13177870412063000262
794 8980568441056576679
794 14523542417075223304
795 665103783928730678
795 3460007224935392731
795 12182700949010317915
795 16112464300451591900
795 13233231504043259744
795 15697936002418125723
795 5877069494480110201
796 9437828262158632932
797 10343823060950510383
797 16067283030698594109
797 17248248499046585151
797 7282468781661538681
798 6114860277017864799
798 3346388019511625947
798 2979766508178616927
798 2354849434705941303
798 2144732914472589891
799 15727979681561053161
799 2474883868057163914
799 18031391909966098203
799 6511131546675995531
800 5999065697280851612
800 15858412129906747734
800 8972060294683891553
800 7168458864205967125
