1000 5000
501 716 -1
451 47 -1
38 123 -1
61 753 -1
77 613 -1
574 969 -1
839 603 -1
106 437 -1
464 475 -1
76 275 1
692 613 -1
839 374 1
892 750 1
190 386 1
862 603 -1
694 169 -1
644 138 1
750 571 1
963 525 -1
407 80 -1
847 565 1
540 456 -1
322 50 -1
969 275 -1
584 42 1
320 703 -1
146 266 1
308 293 -1
447 808 -1
964 583 -1
296 178 1
241 19 1
135 6 1
139 379 1
983 431 -1
568 881 -1
485 966 -1
999 550 1
371 877 1
490 331 -1
351 778 1
362 973 1
926 433 1
38 872 -1
347 836 1
65 276 -1
202 459 -1
131 553 -1
899 47 1
597 215 -1
799 78 1
604 634 1
189 415 1
40 78 1
985 911 1
722 447 1
771 383 -1
408 724 1
959 323 1
627 717 1
803 296 -1
219 996 1
256 824 1
374 149 -1
534 172 -1
920 189 1
922 398 1
457 298 -1
856 404 1
9 671 1
238 143 -1
615 590 -1
256 507 -1
226 185 1
383 360 -1
593 944 1
410 17 1
260 82 1
614 954 -1
840 873 1
328 826 -1
893 838 -1
539 580 1
575 6 1
18 122 1
580 187 1
413 486 1
538 19 -1
338 193 1
259 894 -1
98 619 -1
807 589 -1
495 816 1
730 243 1
278 945 -1
634 378 1
341 200 -1
636 209 1
35 177 -1
548 656 -1
677 415 -1
752 285 1
915 7 -1
956 974 1
307 73 1
178 119 1
486 454 -1
588 154 1
108 23 1
523 461 1
350 221 -1
885 352 -1
412 637 1
904 381 1
724 307 1
922 814 -1
419 718 1
593 69 1
788 153 1
121 543 -1
862 949 1
717 195 1
902 727 1
796 901 1
697 55 1
316 810 -1
306 992 -1
152 360 -1
51 825 1
64 972 1
426 95 1
407 347 -1
679 191 1
768 320 -1
930 7 -1
817 463 -1
868 98 -1
626 119 -1
869 144 1
543 279 -1
583 933 -1
611 256 1
693 292 1
314 912 1
786 282 -1
164 694 -1
248 265 -1
110 598 1
849 563 -1
242 946 1
639 487 1
390 839 -1
20 605 -1
290 381 1
208 606 -1
365 252 -1
835 587 1
471 721 -1
929 677 1
187 59 1
577 715 -1
971 755 1
421 391 -1
4 356 -1
707 560 1
466 317 1
418 749 -1
534 912 1
512 791 1
181 129 -1
166 928 -1
477 575 -1
542 723 -1
353 639 1
227 635 1
550 419 -1
472 862 -1
796 820 -1
939 801 -1
993 769 -1
790 70 1
123 177 -1
763 723 1
662 477 1
984 644 -1
69 778 1
853 55 1
942 930 1
306 271 1
293 904 1
347 499 1
313 178 -1
148 843 1
493 808 -1
338 911 1
250 322 -1
577 889 -1
893 610 -1
411 75 -1
802 332 -1
668 576 -1
840 244 -1
740 845 -1
129 222 -1
158 367 -1
915 560 1
745 140 -1
883 774 -1
832 886 1
576 5 -1
918 531 -1
706 526 -1
596 836 1
816 510 1
933 269 -1
563 99 -1
771 57 -1
973 292 -1
153 738 -1
747 236 1
451 582 -1
345 52 -1
657 904 -1
270 545 1
767 821 -1
498 787 -1
158 870 -1
565 303 1
701 101 1
110 223 1
426 92 -1
29 159 1
880 410 1
689 956 1
476 828 1
438 677 -1
352 631 1
139 473 -1
336 891 -1
312 131 -1
539 972 1
979 636 -1
49 224 1
127 607 -1
283 314 -1
742 558 -1
681 517 1
965 161 1
44 15 -1
559 826 1
675 773 1
71 309 -1
871 174 -1
141 960 -1
721 26 -1
798 989 1
145 284 -1
646 199 -1
868 254 1
595 80 -1
805 155 -1
567 256 1
104 568 1
528 788 1
922 152 -1
532 229 1
341 897 -1
846 609 1
27 129 -1
758 194 1
716 495 -1
432 112 -1
10 246 1
615 378 1
37 546 1
923 28 -1
671 898 1
390 300 1
806 242 1
144 252 -1
640 999 -1
937 515 -1
889 127 1
718 378 1
952 601 -1
935 588 -1
940 516 -1
389 969 1
397 626 -1
146 837 1
433 600 1
196 206 -1
299 866 -1
845 958 -1
782 48 1
391 558 1
905 837 1
808 11 -1
64 341 -1
948 639 -1
173 10 1
253 956 -1
303 950 1
667 824 1
641 906 1
121 517 1
424 621 1
651 148 1
600 23 -1
910 775 1
134 644 -1
606 948 1
45 86 -1
179 205 -1
415 585 1
1 636 1
350 310 1
579 777 -1
810 484 1
872 818 1
848 923 -1
84 243 1
22 369 1
318 921 -1
561 298 1
746 811 1
261 211 1
20 747 -1
244 908 -1
264 161 1
395 275 1
718 501 -1
206 16 -1
27 456 -1
525 497 -1
344 703 -1
856 628 1
812 548 -1
376 757 1
47 400 -1
73 38 -1
475 601 -1
728 205 -1
276 904 1
571 138 -1
472 494 -1
251 507 1
196 415 1
73 646 1
528 222 1
964 932 -1
653 731 -1
951 546 1
448 765 1
84 641 1
404 382 1
240 523 1
883 685 1
651 232 1
785 545 -1
306 501 1
205 572 -1
821 43 1
923 858 -1
855 959 -1
959 98 -1
441 579 1
73 400 1
361 250 -1
759 545 1
203 126 1
898 884 -1
722 549 1
829 767 -1
941 685 1
973 451 1
413 913 1
819 435 -1
581 414 1
167 625 1
841 432 -1
610 878 -1
740 727 -1
987 247 -1
532 708 1
3 322 -1
838 16 1
46 117 -1
353 257 1
670 704 1
732 445 -1
467 167 1
658 147 1
526 509 -1
126 402 1
389 598 -1
632 930 1
361 777 -1
994 648 1
800 849 -1
266 567 1
832 519 -1
44 316 1
232 646 1
112 627 1
245 325 -1
44 6 -1
955 348 -1
749 372 1
231 746 1
342 98 1
644 256 -1
832 640 -1
935 395 1
510 980 -1
877 365 1
359 727 1
765 91 -1
696 770 -1
711 830 -1
903 783 -1
227 750 1
349 117 -1
132 798 -1
174 440 1
161 719 -1
44 591 1
422 756 -1
1 424 -1
270 893 1
40 966 1
292 133 1
850 517 -1
313 99 1
479 548 1
257 33 1
20 166 1
538 413 1
729 192 -1
996 648 -1
491 256 -1
621 689 -1
582 596 -1
443 829 -1
722 624 1
548 522 1
69 196 -1
911 241 1
191 800 1
572 635 -1
650 628 1
470 637 -1
926 290 1
699 977 1
863 891 -1
394 370 1
943 342 -1
959 177 -1
683 55 -1
240 222 -1
519 902 1
809 235 -1
492 966 1
941 158 -1
854 109 -1
895 404 1
646 17 1
365 507 -1
574 726 -1
94 571 1
303 783 -1
746 553 1
246 348 1
668 292 -1
813 720 -1
524 462 -1
195 210 1
975 6 1
154 565 1
785 695 -1
214 253 1
270 911 1
412 227 1
214 163 1
129 666 -1
47 602 -1
376 451 -1
812 947 1
964 193 -1
537 85 -1
772 465 -1
191 554 1
20 848 -1
410 953 1
76 629 1
317 640 -1
841 615 -1
976 803 1
53 809 -1
655 647 -1
279 141 -1
751 954 1
699 861 1
970 291 1
289 543 1
250 341 1
703 86 -1
57 167 -1
679 389 1
878 360 -1
112 235 -1
799 841 -1
133 810 1
75 967 -1
898 56 1
841 579 1
170 328 1
754 771 -1
551 286 1
270 587 1
861 564 -1
632 200 1
457 594 1
536 507 1
258 43 -1
775 342 1
961 721 1
515 604 -1
539 570 1
670 934 -1
353 51 1
415 552 1
883 577 -1
414 47 1
813 923 1
221 155 -1
624 621 -1
775 942 1
436 764 1
157 685 1
308 670 1
705 575 1
163 42 -1
295 877 1
375 630 1
473 88 1
451 942 -1
395 157 1
285 81 1
502 148 -1
856 818 -1
91 889 1
370 406 -1
295 766 -1
458 835 1
499 728 -1
8 397 1
163 128 1
501 251 -1
705 767 -1
814 291 1
370 288 -1
856 267 -1
59 409 -1
642 548 -1
513 673 -1
701 43 -1
218 846 1
874 881 1
400 451 -1
984 896 -1
174 498 -1
192 797 -1
155 991 1
556 53 1
202 429 1
395 522 1
32 394 -1
813 791 -1
436 606 1
547 710 -1
805 222 1
629 160 -1
5 874 -1
69 882 -1
74 264 1
846 838 1
631 135 1
154 690 1
306 3 -1
376 168 1
302 204 1
294 257 -1
218 435 1
405 298 -1
839 696 1
466 745 -1
304 739 -1
90 959 1
626 450 1
213 203 1
327 398 1
760 481 -1
391 492 -1
270 745 1
86 477 1
835 492 1
728 27 -1
689 501 -1
405 753 -1
455 43 1
126 287 1
486 348 1
215 466 1
203 816 -1
527 682 -1
389 204 1
146 223 1
422 723 1
10 348 1
795 960 -1
498 693 1
404 95 1
51 149 1
615 912 1
780 685 1
501 359 -1
171 843 -1
862 833 1
127 107 -1
571 503 -1
677 39 1
452 504 -1
479 64 -1
900 11 -1
84 811 1
902 611 -1
563 854 1
644 981 1
490 546 1
980 524 -1
401 63 -1
555 664 -1
31 348 -1
608 893 1
656 730 1
427 759 1
21 430 -1
772 934 -1
407 462 -1
537 50 1
323 62 1
471 47 -1
745 362 -1
497 552 1
804 337 1
363 222 1
63 905 1
431 741 1
480 325 1
606 770 1
109 36 -1
530 49 -1
575 245 -1
978 82 -1
634 766 -1
371 687 1
58 825 1
109 66 1
492 971 -1
361 475 -1
673 705 -1
148 13 -1
961 377 -1
805 205 -1
379 597 -1
930 631 1
300 268 -1
880 464 1
149 501 -1
608 741 -1
462 706 1
880 415 -1
882 744 1
439 208 -1
851 957 1
263 763 -1
129 581 -1
411 450 -1
698 667 -1
17 133 -1
317 259 -1
906 451 -1
117 928 1
797 337 -1
637 904 1
703 119 -1
493 876 1
782 382 -1
218 29 -1
538 686 -1
812 524 1
907 931 -1
247 215 1
786 758 -1
399 843 -1
460 933 1
868 294 -1
294 373 1
198 138 1
511 248 -1
694 113 -1
881 915 1
920 278 1
266 353 1
304 438 1
88 220 -1
417 910 1
862 524 1
763 149 -1
735 609 -1
212 265 -1
434 729 -1
338 381 -1
250 987 -1
863 130 1
807 465 1
149 966 -1
744 28 -1
543 808 -1
661 873 -1
571 328 1
455 704 1
273 828 -1
381 994 -1
178 67 1
372 525 -1
891 522 1
148 57 1
614 437 1
889 76 1
569 479 1
897 842 1
645 264 1
635 524 1
640 231 1
927 626 1
386 428 -1
917 830 1
242 69 1
770 4 1
267 422 -1
575 970 1
402 701 1
582 388 1
122 764 1
678 751 1
43 166 1
469 872 -1
922 751 -1
57 609 1
285 969 1
633 890 1
543 716 1
323 562 1
552 770 -1
902 251 -1
337 128 1
589 241 -1
686 676 1
586 211 1
783 837 1
479 266 1
943 607 1
874 579 1
22 776 1
911 94 -1
512 618 1
124 441 -1
515 663 -1
752 678 -1
986 353 1
651 297 1
215 126 1
718 401 -1
270 963 -1
244 166 -1
723 856 1
830 693 -1
23 854 1
213 99 1
144 366 -1
570 229 1
495 579 1
453 264 1
860 0 -1
899 948 -1
292 804 1
588 797 -1
447 539 1
174 301 -1
449 773 -1
23 465 -1
835 610 -1
653 99 -1
870 544 1
850 998 1
438 394 1
305 490 -1
733 246 -1
797 902 1
390 942 -1
533 710 -1
843 559 1
390 302 -1
272 404 1
825 965 -1
854 956 1
546 286 -1
782 595 1
531 1 1
183 561 -1
145 980 1
578 791 -1
491 990 1
593 259 1
723 457 1
765 324 1
707 148 -1
256 94 1
249 852 -1
631 642 -1
40 529 1
216 981 -1
646 496 1
298 877 -1
149 790 -1
388 704 -1
686 902 -1
913 385 -1
286 148 -1
252 875 -1
780 84 1
12 547 1
445 213 1
949 316 -1
527 256 1
511 973 1
685 573 -1
981 144 1
232 797 1
370 172 -1
516 933 1
550 279 -1
395 128 1
501 48 -1
94 549 -1
137 451 1
212 289 -1
688 520 1
306 639 -1
547 122 1
537 582 -1
272 731 -1
917 972 -1
609 719 -1
767 717 1
81 718 -1
606 710 1
592 412 -1
872 606 -1
854 231 1
452 143 -1
447 5 1
541 968 1
557 900 -1
879 179 -1
506 965 1
302 761 -1
379 427 -1
14 529 -1
571 709 1
17 859 -1
349 829 -1
906 922 1
460 186 -1
61 290 -1
792 746 1
270 346 -1
25 153 1
462 246 -1
282 713 1
489 177 1
1 698 1
925 795 1
242 765 1
55 850 -1
134 306 -1
614 287 -1
40 840 1
362 190 1
903 639 1
521 65 1
960 667 -1
486 73 -1
123 297 1
831 992 -1
396 673 1
986 735 -1
202 311 -1
708 374 -1
286 261 1
707 174 -1
454 570 -1
492 615 -1
144 512 -1
599 687 1
656 503 1
156 505 -1
915 629 -1
254 543 -1
846 234 -1
601 875 1
698 249 -1
85 394 -1
852 232 -1
94 781 -1
840 743 -1
219 412 -1
14 202 1
775 813 1
342 957 -1
295 624 -1
521 648 -1
653 482 -1
902 717 1
926 212 1
198 416 -1
668 402 -1
208 982 1
92 250 -1
601 916 -1
361 18 -1
115 613 -1
700 397 -1
675 687 -1
969 585 -1
831 656 -1
464 125 -1
310 349 1
684 478 -1
371 428 -1
772 141 -1
25 366 -1
688 61 1
280 875 -1
644 736 1
761 70 1
414 365 -1
512 315 1
73 441 1
121 535 -1
530 94 -1
601 297 -1
107 378 -1
555 749 1
279 867 1
758 844 1
730 37 1
181 337 -1
970 808 1
150 487 -1
325 695 -1
548 323 1
869 755 1
710 804 1
434 946 1
715 83 1
360 176 1
854 166 -1
517 365 -1
977 723 -1
211 225 1
64 874 1
998 295 1
894 64 -1
589 19 -1
149 843 -1
567 664 1
511 262 1
988 238 1
789 822 -1
708 284 1
553 904 1
648 283 1
439 188 -1
6 974 -1
214 743 -1
359 41 -1
280 364 -1
349 51 1
907 749 -1
907 903 1
946 545 -1
855 828 -1
967 343 1
598 866 -1
11 624 -1
299 566 -1
775 748 -1
115 806 -1
331 248 1
749 702 -1
324 930 -1
93 247 -1
97 544 1
4 2 -1
482 194 1
418 902 -1
583 614 -1
853 129 1
349 552 -1
791 556 1
529 611 -1
897 926 -1
957 330 1
572 593 1
424 483 1
731 573 1
149 968 1
499 526 1
235 855 1
899 303 -1
137 57 1
955 788 -1
481 610 -1
170 8 1
185 869 1
395 642 -1
63 801 1
869 508 1
48 2 1
343 159 -1
6 618 1
689 84 1
6 409 1
667 767 1
627 905 -1
97 188 -1
417 124 1
891 947 1
738 509 -1
914 430 -1
79 629 -1
780 166 -1
738 608 -1
882 512 -1
465 649 -1
288 695 -1
848 406 1
735 840 -1
163 562 1
136 277 -1
913 101 -1
521 545 -1
592 385 -1
83 554 1
158 89 -1
164 105 -1
272 776 1
125 229 1
208 897 -1
579 930 -1
26 323 1
136 769 -1
736 164 1
41 325 -1
282 357 -1
49 818 -1
363 466 -1
696 855 -1
526 471 -1
772 833 -1
181 467 1
790 524 1
880 132 1
125 993 1
725 737 1
221 902 1
729 344 -1
153 466 -1
397 680 -1
40 915 1
554 136 -1
973 625 1
702 623 1
881 644 -1
840 860 1
733 977 -1
766 354 1
905 556 1
831 320 -1
520 804 1
431 678 -1
414 632 -1
724 607 1
55 110 1
115 216 1
866 603 1
155 247 -1
538 688 -1
198 92 -1
788 882 -1
120 523 1
820 494 -1
433 280 1
905 943 1
112 172 1
487 808 -1
676 196 1
692 954 1
824 360 1
755 182 -1
390 429 1
256 662 1
557 325 1
126 785 1
286 839 -1
789 723 1
684 188 1
730 659 -1
858 407 1
802 3 -1
66 650 1
206 129 -1
158 978 -1
716 594 1
759 580 -1
522 935 -1
773 977 -1
221 406 -1
102 636 -1
546 425 -1
414 74 1
33 351 1
704 439 -1
813 602 -1
672 757 -1
465 446 -1
224 240 -1
723 435 1
270 939 -1
903 994 1
748 134 -1
623 460 1
176 766 -1
406 14 1
66 990 -1
857 507 -1
919 483 1
998 341 1
536 469 -1
355 42 -1
112 293 -1
648 693 1
363 384 1
646 794 -1
869 616 1
525 462 -1
805 976 -1
127 662 -1
808 871 -1
474 951 -1
13 666 1
990 837 1
480 3 1
490 629 -1
44 987 1
553 471 -1
503 550 1
251 383 -1
534 489 1
878 899 -1
363 121 -1
834 819 1
245 205 1
173 235 1
356 972 -1
265 484 1
397 602 1
717 633 -1
810 23 1
232 954 1
173 18 -1
704 17 1
185 295 -1
732 38 1
810 264 1
916 428 -1
656 598 -1
565 662 -1
148 548 -1
957 405 1
329 612 -1
841 791 1
449 857 1
935 81 -1
947 578 1
690 381 1
866 579 1
480 77 1
646 452 1
709 152 -1
601 434 1
98 397 1
371 222 -1
915 694 1
767 15 -1
435 346 -1
580 417 1
508 524 -1
305 528 -1
5 4 -1
643 640 1
295 906 -1
695 632 1
461 912 1
132 463 1
728 158 -1
398 558 1
428 935 1
249 995 1
701 27 1
979 601 -1
852 61 1
613 180 1
757 494 -1
573 38 -1
287 871 1
861 313 1
447 919 1
492 889 -1
579 757 -1
162 975 -1
560 842 -1
705 750 1
34 599 -1
602 957 -1
896 997 -1
818 126 1
63 204 -1
863 153 -1
947 106 -1
922 387 -1
196 917 1
277 792 1
531 315 -1
701 542 -1
566 303 1
206 414 1
41 373 1
757 941 1
45 655 1
830 84 -1
700 915 1
855 253 -1
298 57 1
348 682 -1
944 972 -1
31 198 1
928 931 1
841 15 1
771 809 1
659 852 -1
341 526 1
998 751 -1
172 204 1
454 355 -1
100 917 -1
261 380 -1
834 137 -1
101 2 -1
758 335 1
296 469 -1
864 990 1
559 823 -1
994 329 -1
707 414 -1
940 295 1
742 159 1
510 417 1
994 904 1
8 959 1
509 195 1
714 953 -1
322 652 1
44 930 -1
524 344 -1
267 907 -1
870 348 1
229 12 1
741 216 -1
569 809 1
736 549 1
340 504 -1
333 740 -1
305 589 -1
597 363 -1
459 678 1
17 763 -1
746 621 1
663 367 1
867 206 1
813 815 -1
430 708 1
882 21 -1
314 256 -1
154 627 -1
978 676 -1
241 905 1
235 402 -1
27 277 -1
674 544 1
570 743 1
533 457 1
147 235 1
512 261 1
591 774 1
218 812 -1
212 741 1
883 280 -1
39 685 -1
959 854 1
762 343 -1
363 785 -1
607 604 -1
787 861 1
859 197 -1
355 240 1
855 306 -1
729 178 -1
112 998 1
289 574 -1
314 496 1
13 628 1
757 380 1
730 94 1
938 999 1
758 828 1
652 790 -1
792 970 -1
640 173 -1
647 446 -1
902 865 1
404 855 -1
720 963 1
979 984 1
718 911 1
539 801 -1
685 572 1
270 698 -1
572 688 1
429 3 1
998 173 1
702 566 -1
296 680 -1
306 170 -1
374 949 -1
138 894 -1
950 408 -1
147 462 1
846 504 -1
862 315 -1
571 69 1
897 22 -1
193 777 -1
73 170 -1
796 563 -1
68 332 -1
83 247 1
753 669 1
73 744 1
243 669 1
98 166 -1
2 715 1
956 934 -1
698 985 -1
551 233 1
14 575 -1
610 70 1
974 991 1
699 807 1
326 75 -1
254 422 1
963 462 1
296 657 1
787 327 1
622 932 -1
407 58 -1
687 149 -1
560 703 1
158 859 -1
436 603 -1
131 78 -1
395 669 1
263 138 -1
124 896 1
41 676 -1
13 388 1
699 366 1
975 49 1
66 52 1
846 421 -1
221 306 -1
188 690 1
291 793 1
387 807 -1
712 658 -1
268 727 1
734 392 -1
55 220 -1
522 994 -1
995 901 1
5 679 -1
223 976 1
664 98 -1
492 59 -1
617 701 -1
829 868 1
566 519 -1
228 271 -1
7 971 -1
599 572 1
645 450 -1
313 630 1
327 679 1
426 947 -1
248 51 1
203 574 -1
761 179 -1
310 266 -1
54 341 -1
895 285 -1
966 971 1
312 504 1
701 852 1
61 790 -1
607 823 -1
503 769 1
491 873 1
384 221 1
449 275 -1
753 353 -1
853 750 -1
824 279 1
96 78 1
933 672 1
741 629 1
35 531 -1
461 464 1
746 867 1
206 638 -1
647 720 -1
315 825 -1
943 114 1
724 672 1
256 190 -1
572 745 -1
46 126 1
162 179 1
597 415 -1
886 361 -1
389 530 1
551 973 -1
404 181 -1
766 28 1
675 114 -1
23 746 -1
32 452 1
987 738 1
257 411 -1
600 957 1
998 453 1
187 94 1
389 590 -1
57 571 1
844 962 -1
86 550 -1
337 960 1
364 562 1
215 233 1
254 577 1
881 549 1
439 234 1
509 47 1
599 161 -1
594 914 1
726 614 1
346 693 1
680 255 1
278 747 -1
915 412 1
97 54 1
40 693 -1
419 95 1
728 157 -1
537 124 -1
154 328 -1
490 81 1
431 619 1
731 166 1
789 530 1
379 810 1
815 388 1
725 39 -1
252 707 1
134 370 1
213 618 1
294 83 1
170 31 -1
63 672 -1
768 692 -1
250 130 1
617 180 1
896 963 1
886 763 1
241 887 1
643 135 1
277 267 1
209 138 1
930 962 -1
594 476 -1
92 588 -1
99 809 -1
624 116 -1
748 829 -1
486 289 -1
754 209 1
942 483 -1
873 182 -1
715 762 1
735 106 -1
117 925 1
170 757 -1
63 116 -1
633 53 1
982 141 1
908 479 1
123 404 1
790 256 -1
841 1 -1
822 866 1
464 799 1
269 433 1
827 594 -1
711 649 -1
949 205 1
222 490 1
47 736 1
693 952 1
39 618 -1
788 665 1
26 620 -1
214 555 -1
191 210 1
491 517 1
501 685 1
895 45 1
19 219 1
56 328 1
53 878 1
14 669 -1
699 254 -1
97 608 -1
171 216 -1
844 91 1
684 986 -1
264 328 -1
352 286 1
881 336 1
610 408 1
22 244 -1
444 463 1
164 949 1
657 181 -1
181 880 1
546 672 1
566 634 -1
193 65 -1
822 80 1
935 798 -1
312 437 -1
119 668 -1
106 876 -1
273 678 1
765 33 -1
777 230 1
803 797 -1
149 565 -1
967 668 -1
496 939 1
129 739 1
986 484 1
786 725 -1
233 748 -1
866 795 1
985 455 -1
147 270 -1
2 115 1
186 517 1
988 501 1
184 279 -1
906 707 1
955 654 -1
32 553 -1
831 429 -1
275 810 1
79 171 -1
871 521 1
761 288 1
827 368 1
654 131 1
671 757 1
636 440 -1
760 86 1
638 720 -1
960 570 1
326 140 -1
977 343 -1
238 281 -1
496 225 -1
169 176 -1
964 256 -1
316 266 1
963 753 -1
197 234 1
713 687 1
521 500 1
206 575 -1
758 926 1
734 880 1
978 974 1
163 264 -1
863 755 -1
294 758 -1
188 410 -1
613 387 -1
170 228 1
644 857 -1
303 821 1
950 981 -1
599 348 -1
802 354 -1
289 6 -1
662 355 -1
344 679 -1
830 378 1
379 965 1
902 826 1
220 672 1
563 942 -1
259 91 -1
440 407 -1
944 290 -1
155 347 -1
448 876 -1
57 66 -1
918 958 -1
388 402 -1
974 609 1
614 843 -1
847 296 -1
972 175 1
808 334 -1
814 437 -1
805 880 -1
952 858 -1
842 8 1
259 218 -1
470 878 1
171 314 1
385 932 1
233 130 1
260 279 1
91 552 1
11 935 1
137 727 -1
134 28 -1
31 267 -1
223 108 -1
982 153 -1
650 418 -1
874 890 1
112 752 1
961 609 1
204 59 -1
330 355 1
99 709 -1
317 615 1
710 31 -1
851 322 -1
63 752 -1
865 778 -1
890 501 1
69 636 1
601 454 -1
201 549 1
969 23 -1
631 665 -1
222 303 -1
570 658 -1
336 886 -1
690 934 -1
413 616 -1
800 585 1
137 975 -1
748 437 1
65 306 -1
814 324 1
880 550 -1
538 268 -1
946 449 1
953 549 1
554 453 1
523 896 -1
858 141 -1
284 21 -1
829 166 -1
778 267 -1
728 842 -1
677 344 1
262 638 1
142 948 -1
270 407 -1
189 273 -1
689 289 -1
343 508 1
689 272 1
71 720 1
781 10 -1
448 151 -1
232 197 -1
934 492 -1
334 130 -1
549 136 1
85 923 -1
774 455 -1
303 575 1
312 587 1
147 735 -1
792 985 1
201 492 1
381 907 1
7 632 -1
217 488 1
924 382 1
743 35 -1
13 291 1
732 168 -1
229 676 -1
732 840 -1
704 224 -1
475 800 1
616 647 1
471 546 1
870 715 1
334 295 -1
43 473 -1
921 36 -1
982 169 -1
226 784 1
309 898 1
350 95 1
339 565 1
149 596 -1
166 580 1
162 632 1
792 605 -1
893 736 1
778 180 -1
163 749 1
704 958 -1
397 877 -1
839 196 -1
968 138 1
926 849 1
973 325 1
244 578 -1
215 500 -1
972 554 -1
138 937 -1
670 46 1
335 582 -1
109 763 1
466 94 1
562 113 1
603 459 -1
577 720 1
677 742 1
6 270 -1
458 417 1
808 965 1
936 208 -1
124 186 1
433 893 1
7 665 1
121 630 -1
205 173 1
430 735 1
737 913 -1
117 481 1
91 143 1
205 81 -1
742 957 1
472 321 -1
445 162 -1
123 900 -1
332 350 1
87 815 -1
689 645 1
165 461 -1
369 452 1
858 925 -1
901 74 -1
484 127 -1
62 562 1
465 117 -1
59 472 -1
902 235 -1
291 348 -1
852 17 -1
821 126 1
665 976 -1
367 305 -1
128 557 1
576 219 1
846 969 1
10 117 -1
895 819 1
631 422 -1
739 104 1
93 533 -1
264 543 -1
873 468 -1
729 74 1
492 808 1
388 912 -1
622 243 1
961 50 -1
147 119 -1
681 127 1
891 101 -1
356 560 -1
515 117 1
400 682 1
889 562 -1
357 200 1
711 390 1
278 984 1
402 90 -1
390 120 1
243 52 1
417 75 1
867 146 1
687 154 -1
779 518 1
314 977 -1
101 915 -1
663 803 -1
815 498 1
602 413 1
172 97 -1
230 317 1
232 536 1
917 379 -1
59 953 1
113 606 -1
407 865 -1
612 595 -1
72 760 -1
616 171 1
791 368 1
684 104 -1
14 178 -1
365 81 -1
265 232 1
896 589 -1
686 139 1
419 809 -1
973 664 1
862 740 -1
60 283 -1
838 259 1
260 481 -1
443 746 1
469 387 -1
139 715 1
267 42 1
271 366 1
159 767 -1
908 508 1
842 523 1
985 648 1
655 685 -1
100 858 -1
451 251 1
466 463 1
341 490 1
822 634 1
926 478 -1
5 643 1
480 507 1
517 140 -1
122 875 -1
456 91 -1
634 826 1
664 496 -1
97 290 -1
558 943 -1
200 14 -1
870 503 1
490 757 -1
531 119 -1
276 849 1
992 225 -1
473 782 -1
965 846 1
914 278 -1
499 173 -1
490 212 1
244 660 -1
998 79 -1
80 128 -1
577 341 -1
242 383 -1
188 609 1
577 168 1
735 351 1
743 377 1
817 625 -1
295 824 1
503 179 -1
758 304 1
132 0 -1
729 602 1
984 8 -1
35 265 1
614 895 -1
463 732 -1
950 785 -1
472 486 -1
30 321 -1
421 685 -1
920 170 -1
537 2 1
523 361 1
181 145 -1
370 0 1
817 515 1
62 803 -1
360 231 1
729 895 1
546 724 -1
985 115 -1
542 170 -1
920 750 -1
100 78 1
796 233 1
338 797 1
813 864 -1
141 586 -1
857 410 1
327 283 1
389 841 1
971 682 -1
893 802 -1
886 928 1
729 935 1
869 270 -1
785 814 -1
561 236 1
930 880 -1
122 63 1
785 368 -1
906 154 -1
267 41 1
306 372 -1
366 27 1
384 799 1
555 607 1
732 101 -1
930 91 1
692 897 1
490 886 1
20 75 -1
876 477 -1
859 26 1
191 16 1
269 568 -1
656 467 -1
44 853 -1
856 714 1
44 219 -1
149 393 1
933 541 1
687 550 1
333 624 1
965 493 -1
636 473 -1
28 541 1
474 703 -1
965 703 1
892 383 1
952 511 -1
39 526 -1
888 307 -1
759 142 1
196 934 -1
986 485 -1
270 268 1
28 351 1
307 666 1
908 383 -1
324 860 1
464 666 1
555 641 -1
578 797 1
144 351 1
277 18 -1
202 805 1
9 418 -1
133 930 -1
617 554 1
130 916 1
554 992 -1
6 627 1
436 314 -1
359 395 1
461 339 -1
207 233 -1
324 961 1
541 808 -1
629 276 -1
14 506 -1
12 521 -1
457 94 1
746 167 -1
384 654 -1
13 35 1
970 408 -1
828 232 1
219 511 1
590 78 1
338 9 -1
487 907 -1
827 111 -1
997 602 1
356 768 -1
428 590 -1
3 380 -1
571 534 1
840 342 -1
933 871 1
619 474 -1
744 887 1
80 160 -1
651 295 -1
486 742 -1
32 54 -1
812 693 -1
285 61 1
326 51 1
391 366 -1
143 647 1
848 897 -1
191 376 -1
507 900 1
638 165 -1
838 735 -1
3 4 1
673 819 -1
182 425 1
93 344 1
581 66 1
886 52 -1
256 79 1
30 469 -1
508 331 1
359 43 1
202 134 1
205 330 -1
408 362 1
855 650 -1
358 56 -1
912 233 1
671 755 1
155 937 -1
984 180 1
628 73 -1
478 78 1
517 248 1
213 175 -1
379 977 1
197 348 1
762 519 -1
20 225 1
827 479 1
298 95 -1
577 461 1
299 605 1
71 397 -1
930 672 -1
968 728 1
899 571 -1
434 851 -1
871 377 -1
579 64 -1
834 484 1
781 800 -1
244 557 1
906 849 -1
629 685 -1
860 323 -1
61 180 -1
962 542 -1
476 990 -1
91 545 1
987 730 1
590 890 1
31 554 1
677 746 1
956 255 -1
398 402 1
45 398 -1
158 813 -1
403 618 1
181 944 1
438 18 1
131 15 1
800 869 1
696 205 -1
55 628 1
124 32 1
533 807 -1
776 535 1
993 237 1
54 185 -1
424 657 -1
117 989 -1
502 128 1
704 879 -1
667 108 -1
588 858 1
544 465 1
218 228 -1
36 672 1
963 485 1
23 665 1
521 352 1
651 405 -1
427 217 1
0 839 -1
768 241 -1
686 362 -1
854 953 1
237 931 -1
173 225 -1
579 807 -1
84 719 1
983 108 -1
292 560 -1
431 9 -1
612 540 1
458 666 1
217 645 -1
906 509 -1
292 826 1
247 50 -1
391 285 -1
576 577 -1
940 125 1
908 445 1
954 408 1
549 604 1
189 817 -1
718 307 -1
812 810 1
509 654 -1
280 181 1
982 552 -1
39 851 1
518 379 1
202 90 1
983 812 -1
746 135 -1
885 923 1
947 422 -1
984 864 -1
304 167 -1
943 705 1
617 454 1
740 661 -1
209 703 -1
267 307 1
619 71 1
540 450 -1
275 24 -1
576 315 1
34 507 -1
37 904 -1
242 265 1
515 239 -1
77 794 -1
810 253 -1
145 195 1
913 910 1
857 895 -1
201 946 1
716 869 -1
14 441 1
127 117 -1
999 319 1
453 309 -1
825 779 1
595 452 1
815 189 1
45 302 1
755 611 1
531 338 1
753 891 -1
846 817 -1
301 127 1
387 970 1
317 646 1
432 477 -1
467 529 1
796 88 -1
860 576 1
166 85 1
166 8 -1
31 646 -1
877 277 1
253 308 1
960 767 1
443 961 1
222 141 -1
585 442 -1
96 670 -1
645 376 1
545 819 -1
699 681 1
751 792 -1
396 425 1
993 321 -1
261 534 1
151 438 -1
375 38 -1
252 263 1
517 385 -1
84 952 1
532 834 1
862 106 1
518 161 1
903 8 -1
104 558 -1
509 978 1
682 479 -1
353 527 -1
656 247 -1
849 569 1
496 256 -1
266 37 1
593 481 -1
987 900 -1
82 625 1
782 112 -1
389 29 1
363 730 1
989 196 1
216 503 1
569 790 1
101 372 1
661 606 -1
249 966 -1
496 2 1
945 90 1
865 828 1
144 168 -1
982 697 1
975 291 1
438 536 -1
562 335 -1
993 932 -1
374 47 -1
382 775 -1
361 365 -1
782 749 1
926 939 -1
137 607 -1
754 884 1
465 435 -1
59 607 1
99 73 1
793 260 -1
28 103 -1
314 113 -1
297 835 1
561 795 1
476 543 1
560 452 1
53 355 1
848 840 1
403 939 -1
955 615 -1
31 917 1
314 831 -1
993 318 -1
877 796 1
287 299 -1
678 625 -1
740 176 1
273 254 -1
319 931 1
322 631 -1
407 139 -1
170 324 -1
175 447 1
300 47 1
320 329 1
206 584 1
857 148 1
429 29 -1
292 683 1
160 147 -1
625 862 1
827 243 -1
217 205 1
940 960 -1
877 6 1
425 753 -1
469 867 1
257 490 1
809 791 -1
282 497 -1
86 468 -1
95 756 1
405 804 1
523 493 1
936 10 1
318 378 -1
177 786 1
806 609 1
392 495 1
548 374 -1
622 662 1
285 382 -1
911 577 -1
473 217 -1
92 79 1
301 678 1
44 966 -1
523 130 -1
212 872 -1
653 552 1
124 357 1
554 33 -1
605 632 -1
152 339 -1
413 102 1
467 687 1
621 706 1
308 916 1
264 547 1
480 774 1
595 282 -1
478 440 -1
245 728 1
708 237 1
187 642 1
123 182 1
904 784 1
994 800 -1
194 128 -1
558 680 -1
871 73 -1
547 342 -1
976 647 1
243 27 -1
448 0 -1
567 741 1
658 375 1
126 582 -1
405 912 1
997 201 -1
616 879 -1
605 190 -1
154 373 1
888 149 1
639 512 1
669 185 -1
435 382 1
797 256 1
940 729 -1
847 79 1
724 927 -1
484 588 -1
115 385 -1
64 995 -1
453 977 -1
909 140 1
538 992 -1
94 266 1
265 211 -1
498 754 -1
144 926 1
347 21 -1
69 61 -1
553 864 1
702 962 -1
764 826 -1
130 197 -1
727 803 -1
543 984 -1
22 846 -1
812 910 -1
951 909 1
769 891 -1
480 879 1
692 307 -1
661 165 1
161 372 -1
209 194 -1
262 344 1
172 174 -1
986 45 1
620 383 -1
272 460 -1
106 163 -1
633 800 1
122 218 -1
143 890 -1
737 97 -1
322 286 1
71 628 -1
205 214 1
376 482 1
898 380 1
110 692 -1
445 158 1
899 831 1
805 766 1
590 553 1
526 208 1
168 453 1
676 286 -1
244 715 -1
638 901 1
906 313 1
331 203 1
236 408 1
489 402 1
669 198 1
763 431 -1
385 461 1
958 521 1
580 383 1
577 927 1
315 459 1
536 899 1
458 290 -1
287 276 -1
292 702 -1
302 236 -1
85 608 -1
123 51 -1
552 56 1
502 417 -1
514 778 1
790 807 -1
848 445 1
93 784 -1
463 549 -1
776 967 1
12 88 1
336 787 1
971 677 1
123 987 -1
223 858 1
664 979 -1
952 235 -1
886 887 1
599 587 1
652 826 -1
370 693 -1
204 641 -1
505 113 -1
963 403 -1
107 776 -1
191 88 1
855 787 1
218 540 -1
359 882 -1
843 196 1
150 231 -1
593 631 -1
429 67 1
644 3 -1
115 111 1
604 192 -1
600 996 -1
298 53 -1
355 956 -1
10 429 1
335 351 1
959 615 -1
589 9 1
831 572 -1
518 283 -1
28 433 -1
90 965 1
961 59 -1
938 164 -1
713 891 1
303 365 1
714 765 1
770 523 1
42 802 1
690 820 -1
819 98 1
504 214 1
624 361 1
409 277 1
631 183 -1
10 790 1
805 614 -1
934 221 1
321 246 1
30 817 1
450 795 -1
552 22 1
795 679 1
90 960 -1
395 411 1
606 282 -1
655 60 -1
391 13 -1
762 289 1
240 731 -1
911 166 1
379 601 -1
108 523 1
930 645 -1
944 370 -1
733 386 1
180 651 1
52 387 -1
504 679 1
434 842 1
123 973 -1
586 139 1
234 698 -1
570 701 1
747 470 1
273 96 1
792 886 1
229 890 1
964 991 1
947 317 1
995 376 -1
17 732 1
29 114 -1
933 474 -1
28 325 -1
910 170 -1
624 529 1
933 999 1
672 501 -1
900 478 -1
161 11 -1
917 672 -1
351 425 -1
121 999 1
378 577 -1
293 159 1
72 900 1
993 136 -1
277 763 -1
394 830 1
415 160 -1
970 63 1
400 552 -1
463 267 1
252 154 1
465 650 -1
21 312 -1
184 473 1
783 712 1
85 37 1
124 585 -1
229 791 -1
462 32 1
802 535 -1
734 246 1
531 358 1
182 62 -1
867 162 1
628 970 -1
239 202 -1
110 788 -1
750 429 -1
579 144 1
323 953 -1
845 455 -1
90 756 1
742 575 1
749 528 -1
981 828 -1
519 687 -1
252 112 -1
961 6 -1
284 218 1
544 683 -1
613 145 -1
970 25 -1
836 572 1
506 403 1
396 795 1
534 404 1
875 516 -1
742 949 1
54 990 -1
34 992 1
528 239 -1
942 168 1
321 145 1
567 42 1
235 791 -1
290 563 1
838 911 -1
198 548 -1
219 607 -1
467 228 1
827 425 1
964 573 1
288 352 1
136 212 -1
679 441 -1
831 97 -1
70 486 -1
903 193 1
662 353 1
447 193 1
553 241 -1
250 193 -1
397 709 -1
960 588 -1
952 401 -1
751 704 -1
74 818 -1
165 694 -1
246 480 1
444 908 -1
107 837 1
75 361 -1
782 376 -1
977 941 1
44 198 -1
253 531 1
709 811 1
665 553 1
932 487 1
428 437 -1
406 284 -1
277 897 1
878 247 -1
711 251 -1
928 145 1
389 707 -1
845 878 1
357 165 -1
974 48 -1
982 584 1
612 510 -1
692 106 1
577 335 1
939 551 1
655 225 1
805 622 1
465 966 -1
327 349 -1
997 420 -1
3 805 -1
932 393 1
196 990 1
972 40 1
174 724 1
479 213 1
775 423 -1
362 442 1
34 280 1
956 222 -1
569 381 -1
588 905 1
589 723 -1
722 289 1
588 339 -1
720 276 -1
911 70 1
321 172 -1
309 515 1
643 800 1
836 127 1
183 234 -1
794 135 -1
677 969 -1
159 274 -1
863 575 -1
327 778 -1
624 472 -1
568 824 1
938 674 -1
431 833 1
528 83 1
239 593 1
872 430 1
627 67 1
594 438 -1
582 899 1
748 80 1
367 95 1
57 2 -1
550 643 1
859 665 -1
92 627 -1
588 853 1
222 439 1
729 911 1
917 937 1
46 773 1
511 254 1
350 298 1
46 449 -1
150 253 -1
684 965 -1
618 325 1
426 787 -1
54 177 1
145 169 -1
67 984 -1
771 511 1
881 840 1
867 741 1
752 381 -1
954 14 1
11 516 1
689 245 -1
298 429 -1
20 133 1
157 38 -1
769 903 1
400 306 1
306 663 1
843 97 -1
637 430 -1
563 814 -1
861 995 1
666 776 1
3 510 1
292 920 -1
200 550 1
568 711 1
126 403 1
98 759 1
285 355 1
201 735 -1
371 98 -1
683 809 1
434 299 1
722 932 -1
805 852 1
296 358 1
681 77 -1
871 626 -1
136 620 1
9 749 1
57 674 -1
515 479 -1
876 303 -1
131 139 1
405 989 1
958 42 1
443 448 1
658 641 -1
457 497 -1
975 311 -1
300 678 -1
554 884 1
397 407 1
670 310 -1
679 112 1
703 516 -1
594 331 -1
175 347 -1
731 809 -1
764 665 1
432 263 1
35 249 -1
701 597 -1
396 676 -1
136 260 1
799 836 1
174 352 1
158 776 -1
312 414 1
685 525 1
659 914 1
285 36 -1
293 711 1
976 342 1
810 579 -1
689 967 1
936 394 -1
868 228 1
221 537 -1
520 801 -1
621 327 1
219 385 1
723 346 -1
991 487 1
753 727 -1
248 225 -1
206 979 -1
606 155 1
811 467 -1
592 286 -1
398 122 -1
214 944 1
494 884 1
518 516 -1
771 113 1
714 831 1
364 419 -1
7 108 -1
120 948 1
969 421 -1
539 973 1
417 364 -1
527 261 1
2 331 -1
735 197 1
544 834 1
560 111 -1
842 85 -1
986 194 1
177 892 -1
878 882 1
730 927 -1
6 87 -1
127 296 -1
193 924 -1
765 433 -1
478 175 1
886 146 1
902 494 1
902 626 -1
315 827 1
885 315 -1
922 9 -1
921 546 -1
673 522 -1
215 505 -1
59 15 1
390 416 1
575 149 -1
407 241 1
250 837 1
556 222 1
885 716 -1
80 630 -1
975 560 -1
353 972 1
142 213 1
617 755 -1
237 579 1
320 819 -1
868 628 1
319 84 -1
221 559 1
563 943 1
892 529 -1
532 84 1
262 300 1
594 653 -1
994 277 1
294 493 -1
633 104 -1
936 686 1
174 345 -1
791 626 1
229 614 -1
459 187 1
163 407 -1
91 308 1
634 707 -1
965 163 -1
128 297 1
924 90 -1
231 869 -1
123 462 -1
468 228 1
985 732 1
876 885 1
267 987 1
681 851 1
130 932 -1
719 788 -1
676 413 1
870 802 1
54 263 1
725 214 -1
576 959 1
312 711 -1
457 502 1
694 530 -1
756 534 1
194 71 -1
382 736 1
743 980 -1
855 79 -1
769 536 -1
585 7 -1
549 473 1
211 996 1
932 96 1
77 182 -1
847 454 -1
62 721 -1
438 388 -1
86 875 1
26 184 -1
477 474 1
760 817 1
324 484 1
430 703 -1
633 573 1
589 180 -1
465 78 -1
240 919 -1
732 585 1
383 536 1
240 820 1
929 468 -1
549 190 -1
384 689 1
868 862 1
480 88 1
529 791 -1
421 775 -1
570 908 1
390 506 -1
825 350 1
618 442 1
819 995 -1
539 799 -1
706 445 -1
447 641 1
88 633 -1
345 106 1
501 54 -1
344 951 1
475 600 1
725 963 -1
186 266 1
447 68 -1
106 258 -1
513 193 1
53 381 -1
274 167 1
471 379 -1
274 11 -1
951 406 -1
621 369 1
815 665 -1
99 952 -1
801 314 -1
930 360 1
125 481 -1
126 690 -1
468 734 -1
257 483 1
39 706 -1
462 671 -1
785 241 1
925 173 1
915 739 -1
387 136 1
480 623 1
256 917 -1
451 996 1
139 776 -1
61 772 -1
136 345 -1
168 641 1
383 102 -1
820 607 -1
150 496 -1
637 42 -1
112 212 -1
417 514 1
558 987 -1
423 210 -1
835 175 1
125 759 1
263 502 -1
123 896 1
538 470 -1
550 94 1
819 415 -1
83 323 1
557 168 1
914 392 1
270 258 -1
151 413 -1
373 382 -1
883 292 -1
591 233 -1
28 78 1
900 851 -1
406 933 1
532 98 1
940 317 -1
242 833 1
547 910 1
860 794 -1
516 347 -1
544 223 1
102 578 -1
726 612 1
978 521 1
615 30 -1
656 666 -1
94 105 -1
293 819 1
517 769 -1
861 759 1
972 448 -1
232 587 -1
867 693 1
750 173 1
581 31 -1
234 64 -1
553 620 -1
268 673 1
392 446 -1
175 589 1
483 367 -1
502 498 1
139 718 -1
515 665 1
762 140 1
548 633 1
817 506 1
799 532 -1
529 989 1
2 152 1
565 170 -1
52 637 1
383 26 -1
901 20 1
626 521 1
319 337 -1
195 201 -1
74 823 1
456 329 -1
129 872 -1
546 275 -1
857 971 1
409 762 1
670 271 -1
369 191 1
876 713 -1
932 915 -1
323 337 1
624 154 -1
712 830 -1
823 964 1
751 481 1
804 939 -1
282 88 1
113 138 1
44 89 1
358 94 -1
810 655 1
133 511 1
681 803 1
285 110 -1
835 126 1
244 27 -1
515 978 1
40 332 -1
852 764 -1
17 173 -1
503 686 -1
747 999 -1
623 74 -1
122 991 -1
324 154 1
637 718 -1
977 995 1
686 750 1
570 176 -1
680 361 1
213 38 -1
514 933 -1
235 601 1
770 771 1
299 546 -1
753 429 1
435 337 1
2 236 1
912 857 1
874 49 1
88 432 -1
554 426 -1
34 372 1
955 673 -1
739 303 -1
870 989 1
152 40 -1
734 29 -1
638 10 -1
89 65 -1
317 771 1
442 777 -1
161 984 1
221 839 1
506 258 1
594 916 -1
646 552 -1
577 567 -1
169 902 1
640 235 -1
246 844 -1
875 764 -1
228 249 1
854 439 1
649 306 -1
801 387 -1
702 112 -1
821 780 -1
986 577 -1
815 254 1
358 51 1
630 616 -1
941 293 1
539 528 -1
932 676 -1
70 967 -1
862 621 1
603 326 1
99 484 -1
590 426 1
742 382 1
441 774 -1
832 552 1
805 491 -1
922 464 1
677 759 -1
447 735 1
965 701 -1
858 854 1
718 446 -1
109 613 -1
498 245 1
105 769 1
194 574 1
11 526 1
87 312 -1
337 348 -1
155 809 1
593 777 -1
649 457 1
554 804 -1
137 127 -1
546 201 1
240 791 -1
200 879 -1
174 302 -1
176 312 -1
84 465 1
503 292 -1
432 821 1
444 890 1
111 840 -1
53 410 -1
571 674 1
171 498 1
682 228 1
798 366 -1
968 889 1
198 750 -1
801 29 1
404 636 1
670 133 -1
129 322 1
102 278 1
403 123 1
628 105 -1
922 839 -1
904 592 1
21 434 1
26 34 -1
694 879 1
969 3 -1
170 545 -1
954 982 1
718 231 -1
412 148 1
97 930 -1
807 959 1
95 142 -1
624 780 1
60 920 1
497 640 1
534 618 -1
229 897 1
201 388 1
617 139 -1
332 109 1
856 920 -1
430 315 -1
256 486 1
111 930 1
583 167 1
517 210 -1
26 806 1
147 944 -1
501 167 -1
419 166 1
524 632 1
989 275 -1
467 163 1
925 277 1
145 756 1
570 760 -1
335 414 -1
114 122 -1
445 370 1
33 372 1
537 635 -1
129 833 1
531 333 1
840 660 1
562 977 1
842 396 1
796 160 1
725 399 -1
83 298 -1
932 515 -1
922 413 1
873 134 1
999 181 -1
512 708 -1
533 256 -1
343 321 1
456 590 1
524 887 1
847 701 1
217 28 -1
689 114 -1
230 323 -1
0 471 -1
431 803 -1
459 935 1
397 354 -1
528 688 1
465 361 -1
447 266 -1
314 335 -1
982 402 1
50 443 1
379 89 -1
80 18 1
551 153 1
701 383 -1
826 431 1
784 416 -1
879 152 1
78 646 -1
851 775 1
505 597 1
329 753 1
455 595 -1
625 1 1
210 527 1
980 255 -1
152 795 -1
865 26 -1
215 93 -1
631 663 -1
932 66 -1
776 436 1
737 309 1
935 838 1
14 963 1
644 733 1
120 693 -1
769 902 1
408 23 -1
816 712 -1
915 444 -1
8 150 1
33 717 -1
883 595 1
230 916 -1
939 958 -1
887 125 -1
661 66 1
435 18 1
903 721 -1
746 802 1
282 196 1
120 340 -1
224 771 -1
600 222 -1
995 898 -1
181 430 -1
506 722 -1
415 604 1
834 218 1
820 175 1
742 458 -1
315 277 -1
400 603 -1
856 207 1
629 855 -1
157 125 1
13 460 -1
804 585 -1
730 897 -1
23 555 1
338 545 1
311 326 -1
893 512 1
994 899 1
466 951 -1
143 427 1
228 394 1
602 604 1
562 475 1
174 733 1
517 458 -1
423 398 1
15 899 -1
943 594 -1
989 382 -1
48 795 1
170 123 -1
849 327 -1
122 158 1
336 12 -1
156 488 1
290 71 1
88 29 -1
790 485 -1
262 869 -1
650 558 -1
597 631 -1
546 223 1
81 577 1
394 57 -1
170 51 1
324 621 1
501 753 1
124 793 -1
460 605 1
745 893 -1
54 728 1
551 414 -1
379 533 1
931 320 1
312 306 -1
369 402 1
935 744 -1
163 643 1
509 129 1
923 782 1
564 190 1
609 631 -1
902 511 -1
834 523 -1
715 212 1
209 214 -1
613 22 1
229 596 1
348 959 1
418 944 -1
191 551 -1
8 9 1
187 562 1
589 623 1
199 183 -1
670 15 1
455 247 1
837 422 -1
289 622 1
289 483 -1
965 754 1
780 986 -1
741 740 -1
788 601 -1
708 887 1
992 586 1
756 580 -1
905 659 1
54 442 1
507 418 -1
787 363 -1
262 113 -1
147 214 -1
248 537 1
751 538 -1
773 456 1
641 347 1
369 947 -1
272 431 1
345 90 1
648 298 1
975 519 -1
6 650 1
741 490 1
578 950 -1
533 15 -1
905 194 1
704 196 -1
331 644 1
961 282 -1
289 790 -1
36 0 -1
385 760 1
423 687 1
290 477 1
189 107 1
749 699 -1
911 409 1
307 956 1
814 995 1
217 312 1
906 243 1
368 818 -1
271 699 -1
252 765 1
579 698 1
41 12 -1
786 115 1
403 311 -1
119 727 1
757 379 1
878 593 -1
887 233 1
675 8 -1
778 284 -1
808 477 1
728 559 1
146 267 -1
318 393 1
833 171 1
702 443 -1
626 94 -1
535 437 1
988 368 -1
537 449 1
963 822 1
572 288 -1
59 663 1
526 961 1
866 224 1
98 722 -1
875 604 1
226 766 1
314 453 1
231 941 1
65 606 1
972 697 1
259 161 -1
818 563 -1
726 381 -1
959 16 -1
213 526 1
548 504 -1
560 183 -1
8 870 -1
334 724 -1
574 240 -1
541 713 1
352 491 -1
416 437 -1
659 637 -1
167 94 -1
551 783 1
217 183 -1
574 269 -1
25 445 -1
449 379 -1
650 482 -1
294 352 -1
971 173 1
917 595 1
648 589 1
260 742 1
593 616 1
176 108 1
504 488 1
94 569 -1
417 997 1
671 200 1
258 380 -1
494 750 -1
451 556 -1
824 324 1
500 342 1
448 434 -1
600 783 1
656 378 1
632 681 -1
253 145 1
806 279 -1
714 636 1
780 463 -1
432 386 1
435 339 -1
211 469 1
174 227 -1
254 361 -1
626 355 -1
746 16 -1
463 888 1
598 289 1
962 447 -1
85 919 1
215 90 1
190 133 -1
878 117 1
922 217 1
728 126 1
36 387 -1
516 183 -1
369 62 1
477 231 -1
97 360 1
13 881 -1
501 65 1
151 309 1
683 414 1
165 975 1
596 346 1
787 137 -1
302 508 1
534 163 1
228 866 1
561 495 -1
291 712 -1
940 160 -1
905 856 1
576 718 -1
892 815 1
391 128 1
782 867 1
756 682 -1
573 340 -1
875 51 1
80 311 1
992 337 1
208 667 -1
233 727 -1
362 185 -1
321 800 1
337 13 1
259 347 -1
120 839 -1
39 155 -1
39 291 1
646 87 1
898 497 1
57 538 -1
951 815 1
114 149 1
493 951 -1
408 607 -1
669 139 -1
839 123 1
687 829 1
509 587 -1
903 883 1
777 909 1
298 769 -1
293 918 -1
111 270 1
692 892 1
352 897 1
356 415 1
983 977 -1
950 30 1
296 29 1
83 754 -1
674 189 1
494 968 1
973 285 -1
934 412 1
137 667 -1
481 107 -1
907 314 -1
376 876 -1
126 187 -1
109 585 -1
144 655 -1
26 933 -1
567 355 1
80 299 1
144 121 1
90 820 -1
762 898 1
851 912 1
285 433 -1
22 69 1
87 717 -1
435 999 -1
287 749 1
68 339 1
916 9 -1
89 449 1
980 43 1
896 425 1
31 189 1
596 930 1
409 359 1
315 696 1
869 397 1
756 100 1
35 395 1
168 211 -1
969 865 -1
493 254 -1
285 123 -1
646 119 -1
457 202 1
276 876 1
392 992 -1
627 479 1
697 893 1
731 741 1
0 641 -1
401 428 1
181 254 -1
585 469 -1
357 413 1
809 488 -1
658 151 1
891 830 -1
180 592 1
87 57 1
325 196 1
651 618 1
59 955 -1
614 628 -1
981 58 -1
902 107 -1
948 553 1
996 137 -1
251 312 -1
624 378 1
442 241 1
417 62 -1
479 262 1
650 681 -1
613 364 1
183 764 -1
363 545 1
196 487 1
616 501 -1
392 360 1
649 791 1
969 2 -1
188 675 1
883 67 1
272 262 -1
314 144 1
325 156 1
252 84 -1
183 921 -1
348 50 -1
244 761 -1
579 428 -1
670 702 -1
186 794 1
917 108 -1
571 627 -1
277 958 -1
785 145 1
769 926 -1
942 130 -1
139 823 1
234 73 1
760 557 1
437 401 -1
710 846 1
578 240 1
499 285 1
429 125 1
455 465 -1
901 687 -1
442 169 -1
389 792 -1
670 766 -1
495 480 -1
35 653 -1
657 831 1
785 220 -1
956 331 -1
834 365 -1
341 356 1
679 466 1
598 257 1
68 827 1
664 836 -1
126 656 1
821 343 1
336 474 -1
215 32 -1
878 383 1
311 509 1
946 909 1
598 24 1
643 990 -1
719 859 -1
195 125 1
509 959 -1
143 671 1
633 43 1
270 154 1
890 123 -1
696 656 -1
717 572 1
362 217 -1
46 651 1
562 493 -1
501 120 -1
576 238 1
182 914 -1
304 152 -1
57 332 1
641 655 1
757 334 -1
712 809 -1
266 866 1
783 652 1
788 708 1
111 268 -1
849 4 1
822 627 1
112 904 -1
476 653 1
69 969 1
605 391 -1
681 559 1
519 573 -1
504 760 1
921 572 -1
742 294 -1
458 163 -1
917 567 -1
552 844 -1
600 122 1
213 614 -1
932 715 -1
970 180 1
519 669 -1
106 460 1
956 73 1
112 922 1
179 458 1
767 485 1
621 617 -1
350 356 -1
743 529 -1
301 895 1
902 167 1
327 13 1
990 928 -1
969 133 -1
704 488 -1
635 682 -1
696 148 -1
147 875 -1
714 971 -1
586 148 1
528 244 1
265 1 -1
753 156 1
578 980 -1
346 938 -1
80 769 1
578 544 -1
81 540 1
671 183 1
978 667 -1
695 413 -1
253 772 -1
307 740 -1
300 499 1
212 597 -1
242 128 1
212 115 -1
554 499 -1
663 654 -1
10 943 -1
249 672 -1
435 162 -1
46 976 -1
570 787 1
174 522 1
686 928 1
680 433 1
63 651 1
678 373 -1
351 814 -1
595 313 1
660 123 -1
326 144 1
595 601 1
452 257 1
904 344 1
579 188 -1
566 898 1
990 543 -1
266 237 -1
526 19 -1
965 667 1
345 334 1
401 300 1
477 755 1
314 388 1
310 616 1
213 408 -1
826 775 -1
503 942 -1
131 967 1
189 801 -1
654 3 1
527 189 1
694 504 -1
923 894 -1
198 68 -1
720 331 -1
997 971 -1
389 270 -1
253 370 1
773 187 1
19 37 1
329 102 -1
430 716 -1
539 504 1
672 733 1
347 502 -1
952 362 -1
562 749 1
765 653 -1
808 449 -1
459 959 -1
446 760 -1
273 955 -1
701 811 1
451 856 -1
907 862 1
733 864 1
570 99 1
56 36 -1
352 461 1
288 398 1
282 54 -1
641 850 1
29 347 1
476 935 1
126 190 -1
215 323 1
857 183 -1
119 354 -1
855 444 -1
895 280 1
473 157 -1
908 268 -1
551 271 1
993 710 -1
347 725 1
252 595 -1
979 838 1
539 764 -1
30 855 -1
712 220 1
122 223 1
922 697 1
435 62 -1
522 45 -1
219 283 -1
142 544 -1
551 54 1
237 888 -1
198 751 1
568 717 1
116 241 1
42 61 -1
588 491 -1
647 570 1
597 196 1
979 898 1
291 468 1
482 704 -1
173 227 -1
300 501 -1
605 726 1
123 868 1
942 886 1
131 466 1
166 573 1
751 293 -1
597 322 -1
885 568 -1
859 846 -1
882 351 1
263 150 1
544 417 -1
425 317 1
623 678 -1
861 703 -1
844 341 1
176 250 -1
965 996 1
63 238 -1
992 534 -1
907 371 1
474 922 -1
362 227 1
32 312 1
506 559 -1
565 469 1
143 793 -1
876 826 -1
849 600 1
362 749 1
396 994 -1
989 786 1
847 465 1
825 590 -1
111 998 1
681 233 1
221 397 -1
771 870 1
809 735 1
634 880 -1
168 949 -1
362 432 -1
432 347 -1
571 721 1
732 464 -1
81 552 -1
783 239 1
353 269 1
367 227 -1
339 868 1
771 29 1
498 358 -1
455 776 -1
964 499 -1
223 848 -1
484 944 -1
412 242 1
95 501 1
872 262 1
291 694 -1
343 876 1
587 479 1
105 464 1
967 947 1
926 1 -1
179 656 1
713 811 1
176 889 1
953 741 -1
168 40 1
886 307 -1
603 829 -1
683 148 -1
910 234 -1
738 881 1
797 832 1
90 582 1
601 5 1
874 15 1
522 224 -1
940 468 -1
859 80 -1
513 833 1
495 931 1
578 851 1
882 698 -1
535 391 -1
697 722 -1
22 371 1
898 213 1
16 962 1
965 930 1
981 851 1
507 979 1
500 948 1
231 395 -1
594 643 1
879 312 1
825 251 1
793 128 -1
624 790 -1
51 578 1
656 353 1
196 886 -1
823 248 -1
395 76 -1
368 13 1
67 236 1
628 411 1
180 552 1
449 493 1
618 660 1
318 769 1
873 68 1
284 540 1
773 704 -1
452 626 -1
999 177 -1
132 259 -1
629 280 1
343 178 1
58 980 1
375 0 1
929 911 -1
498 237 1
452 502 -1
866 556 -1
877 25 -1
718 71 1
261 360 1
528 328 -1
89 481 1
120 775 1
661 927 1
179 303 -1
228 147 1
35 407 -1
947 368 1
498 893 -1
797 763 -1
145 855 -1
603 53 -1
662 564 -1
555 392 1
588 852 -1
129 130 -1
107 346 1
515 415 1
850 43 1
922 572 -1
73 899 1
675 722 -1
831 412 -1
528 210 1
829 151 -1
430 421 1
420 27 -1
716 91 -1
459 154 1
982 117 -1
649 558 -1
840 275 -1
145 388 1
971 90 -1
473 612 1
147 657 1
817 126 -1
502 483 -1
940 766 1
393 933 -1
758 124 1
707 32 1
680 499 1
607 368 -1
159 289 1
337 246 1
510 220 1
378 663 1
791 238 1
928 24 1
977 914 1
64 259 1
643 196 1
760 509 -1
484 567 1
403 588 -1
581 450 1
449 224 1
538 80 1
725 250 1
791 880 -1
472 466 -1
791 429 1
319 892 -1
805 220 1
536 537 1
484 539 -1
830 401 1
838 455 1
133 875 1
651 657 1
482 447 1
275 460 -1
408 496 1
138 33 -1
522 295 1
630 38 -1
493 682 1
427 428 -1
5 521 -1
510 760 1
247 889 -1
994 620 -1
880 470 1
612 55 1
514 880 1
492 112 -1
948 31 -1
509 85 1
415 458 1
581 492 1
415 642 1
68 406 1
278 349 1
317 738 -1
652 75 -1
654 793 1
902 939 -1
701 564 -1
878 147 1
620 906 1
406 987 -1
121 927 -1
87 881 -1
363 60 1
36 531 1
408 793 1
698 846 1
50 161 1
3 575 1
335 617 -1
272 347 -1
457 91 1
342 121 1
119 25 1
953 750 1
380 171 -1
965 641 1
621 535 1
423 19 1
395 227 -1
996 221 -1
251 941 -1
479 409 1
97 410 -1
942 359 -1
86 533 -1
215 230 1
195 62 1
753 551 -1
512 170 1
227 115 -1
319 978 1
545 846 -1
352 629 1
338 872 -1
507 984 1
142 389 -1
282 806 1
588 58 -1
367 521 1
43 639 -1
291 400 1
707 358 -1
342 239 -1
161 457 1
110 965 -1
786 729 -1
266 729 -1
720 648 1
88 471 1
523 486 1
851 51 -1
520 310 1
464 742 1
8 130 1
769 775 1
303 374 -1
36 417 1
567 832 -1
603 430 -1
551 594 -1
485 729 1
759 341 1
928 260 1
235 895 1
496 500 -1
533 757 1
698 724 1
429 193 1
998 440 1
400 396 1
613 819 -1
54 438 1
948 27 -1
394 254 -1
862 498 1
130 650 -1
342 707 1
94 342 1
759 655 1
364 856 -1
270 192 1
207 213 -1
284 617 -1
65 800 1
666 926 -1
16 416 1
86 430 1
403 249 -1
55 845 -1
5 337 1
318 837 1
959 554 1
918 545 -1
213 509 -1
997 456 1
769 179 -1
335 537 1
407 212 -1
288 529 1
733 287 -1
645 809 -1
931 365 -1
552 696 1
260 155 -1
413 272 1
470 254 -1
955 798 -1
671 895 -1
879 419 1
354 873 1
205 292 -1
420 602 -1
533 404 1
878 367 1
791 605 1
287 413 1
118 353 -1
255 825 -1
208 391 -1
797 628 1
41 412 -1
155 653 1
836 162 -1
782 956 1
334 567 1
723 176 -1
23 213 1
897 488 -1
198 795 1
2 175 1
213 967 -1
31 259 -1
505 691 -1
806 529 1
280 606 1
434 609 1
666 624 1
305 319 1
949 167 -1
284 409 1
461 414 -1
882 505 -1
275 54 1
769 379 1
991 988 -1
15 286 1
673 802 -1
964 746 1
504 387 -1
902 926 1
443 513 -1
707 598 1
720 893 1
32 957 1
211 874 1
298 232 -1
598 913 1
869 667 -1
996 905 1
238 464 1
491 787 1
408 234 -1
829 469 -1
440 258 1
623 206 -1
762 235 -1
710 78 -1
305 89 1
236 693 1
218 579 -1
854 190 1
528 29 -1
388 427 -1
188 3 -1
168 452 1
180 342 -1
751 602 1
434 90 1
843 816 1
25 178 -1
348 223 -1
307 181 -1
564 834 1
592 415 -1
849 634 1
109 543 -1
516 271 -1
24 621 1
453 873 -1
229 721 1
639 500 1
596 97 1
62 0 -1
371 576 -1
368 739 -1
995 286 -1
511 820 1
125 265 1
792 24 -1
414 935 1
825 271 -1
8 350 -1
327 870 -1
761 191 1
778 886 -1
567 151 1
450 355 -1
625 540 -1
971 989 1
347 378 1
534 140 1
666 561 1
499 989 1
965 180 -1
895 549 1
45 572 -1
568 447 1
482 307 1
511 617 1
967 24 1
119 41 1
214 912 -1
820 376 1
482 614 -1
615 881 -1
95 523 1
903 703 1
933 91 1
78 742 -1
354 972 1
442 625 -1
527 583 1
563 758 -1
556 390 -1
402 104 -1
928 190 1
779 13 -1
656 199 1
310 404 1
494 904 1
809 132 -1
460 138 -1
803 989 -1
698 522 1
652 637 1
554 92 -1
41 991 -1
174 784 1
585 516 1
167 37 -1
57 105 -1
923 755 1
648 43 1
319 806 -1
807 16 1
953 4 -1
168 975 -1
565 84 -1
663 784 -1
904 285 -1
996 565 -1
469 504 -1
521 93 1
331 362 -1
123 492 -1
47 724 1
592 874 -1
445 827 -1
321 805 1
784 719 1
789 121 1
953 114 1
19 574 1
180 939 1
201 850 -1
769 377 -1
99 431 -1
394 974 -1
611 393 1
343 668 -1
189 379 -1
610 252 -1
527 104 -1
530 810 1
87 895 -1
731 351 1
561 941 -1
161 631 -1
293 302 -1
812 791 1
756 770 -1
597 323 -1
314 663 1
996 475 -1
730 147 1
392 208 -1
520 803 -1
857 741 -1
391 879 -1
636 607 1
863 794 1
904 715 1
677 244 -1
632 61 -1
820 16 -1
197 766 1
944 554 1
327 454 -1
3 834 -1
710 486 1
378 540 -1
910 737 1
153 812 -1
698 228 -1
717 894 -1
455 418 -1
456 955 -1
659 693 1
692 795 -1
811 805 -1
635 419 1
430 749 -1
258 240 -1
917 531 -1
749 14 -1
18 68 1
393 895 -1
717 278 1
205 903 1
492 211 -1
650 861 -1
214 869 -1
579 276 -1
847 479 1
604 798 1
417 680 -1
14 971 1
623 602 -1
753 67 -1
753 769 1
767 200 1
449 885 1
624 121 -1
360 258 -1
63 306 -1
390 72 -1
171 891 -1
964 558 1
171 463 1
360 529 -1
557 63 1
498 779 1
976 365 1
654 81 1
968 101 -1
816 466 -1
138 285 -1
242 380 -1
298 168 1
431 964 -1
580 547 1
33 786 1
956 624 1
409 260 -1
548 499 -1
856 119 1
902 18 1
190 155 -1
97 166 1
315 730 1
859 767 -1
368 855 -1
674 897 1
804 197 1
817 291 -1
366 835 1
496 682 -1
794 458 -1
251 499 1
97 755 -1
696 758 1
600 148 -1
79 444 -1
203 105 1
305 416 1
107 836 -1
894 613 -1
656 616 -1
600 294 1
354 235 -1
968 481 1
614 447 1
373 90 1
599 757 1
185 238 1
100 468 -1
723 773 1
661 497 1
504 484 1
417 847 1
734 833 1
14 595 -1
14 780 1
69 455 1
734 472 1
720 448 -1
551 510 -1
686 736 -1
742 901 -1
457 237 -1
430 698 -1
179 974 1
822 36 -1
380 209 -1
528 762 1
769 576 1
412 702 -1
82 293 1
699 512 -1
10 277 1
228 425 -1
741 194 -1
365 46 1
101 453 1
492 983 1
430 422 -1
416 815 -1
512 953 -1
366 706 -1
34 374 1
457 328 1
963 295 -1
125 198 -1
86 772 1
830 571 -1
544 602 -1
179 21 -1
42 489 -1
760 941 1
452 234 -1
4 754 1
808 445 1
578 99 1
282 887 -1
269 279 1
412 797 -1
141 38 1
754 561 1
538 800 -1
626 61 1
360 478 1
723 849 -1
11 937 1
987 764 1
155 398 -1
879 81 1
652 689 1
347 77 -1
987 591 1
488 479 -1
555 886 -1
354 924 -1
15 551 -1
268 754 -1
804 196 1
19 898 -1
397 559 1
742 586 -1
985 245 -1
930 330 1
622 343 -1
704 90 1
837 754 1
803 53 -1
837 162 -1
281 131 -1
146 486 -1
452 304 -1
898 347 1
541 778 -1
806 672 -1
700 313 -1
891 192 -1
16 872 1
770 61 -1
946 874 1
192 826 -1
41 617 -1
34 647 -1
793 937 1
646 525 -1
425 434 -1
146 971 -1
99 146 1
796 806 1
228 865 -1
263 453 1
656 253 1
349 430 -1
435 873 1
615 944 1
424 978 -1
935 429 1
837 968 -1
291 71 -1
172 878 -1
78 985 1
938 460 1
738 685 -1
452 64 -1
728 550 1
367 369 -1
324 75 1
236 551 1
701 81 -1
110 541 1
317 375 -1
9 70 -1
789 664 1
402 368 1
78 142 1
641 63 1
371 272 1
706 315 -1
964 307 -1
166 175 1
851 142 1
43 737 -1
493 77 1
917 46 1
449 866 1
982 963 1
728 153 1
638 269 -1
210 513 -1
675 969 1
387 574 1
295 22 1
836 831 1
487 953 -1
42 202 -1
157 475 1
207 430 1
131 187 1
481 17 1
311 568 1
998 669 1
510 545 1
715 727 -1
278 917 1
506 958 -1
667 665 -1
834 852 1
750 409 -1
319 625 -1
391 792 1
776 569 1
948 222 -1
722 514 1
263 520 -1
373 861 -1
957 826 -1
455 49 -1
636 813 -1
944 945 -1
763 727 1
638 808 1
102 798 1
478 572 -1
223 97 1
278 92 -1
53 542 1
725 4 -1
849 225 -1
27 722 1
229 418 1
300 366 1
9 47 1
902 870 -1
879 382 -1
509 857 -1
399 766 -1
935 436 -1
538 115 -1
637 859 -1
975 177 -1
501 917 -1
470 829 1
557 995 -1
588 676 -1
596 323 -1
739 236 1
140 932 1
988 695 1
909 307 1
894 711 -1
517 995 -1
690 718 1
845 846 1
33 551 1
283 221 -1
754 658 -1
397 943 -1
816 217 1
976 274 1
507 669 -1
804 170 -1
570 930 -1
143 36 1
392 314 -1
240 936 1
185 275 1
31 757 -1
382 89 -1
353 400 1
821 336 -1
279 832 1
819 792 1
423 23 -1
269 918 1
212 89 1
469 857 1
995 879 -1
523 500 -1
585 448 -1
414 287 -1
818 206 -1
796 27 -1
99 550 1
831 809 1
715 89 1
980 165 -1
921 951 1
474 809 -1
803 682 1
423 481 1
500 320 1
776 527 1
593 792 1
267 250 -1
170 558 -1
838 816 1
867 625 1
457 169 -1
359 563 1
503 825 1
84 707 1
113 819 1
298 902 1
355 432 1
318 390 -1
780 313 -1
29 288 -1
447 537 -1
493 742 1
977 355 1
766 139 -1
366 929 1
275 851 -1
915 232 -1
231 975 -1
839 992 1
514 853 -1
383 78 1
698 446 -1
374 408 -1
492 801 1
172 108 1
893 916 1
713 42 1
707 842 1
856 468 -1
625 293 -1
22 620 -1
41 517 1
12 636 1
211 870 1
273 631 1
431 393 -1
796 471 1
170 147 -1
8 515 -1
525 241 1
208 297 -1
96 632 1
318 384 1
852 551 1
758 620 1
853 793 -1
953 510 -1
240 72 1
710 86 -1
931 374 -1
763 471 -1
184 897 -1
894 67 1
808 111 1
71 399 -1
63 679 -1
77 148 -1
473 795 1
421 622 1
451 577 1
945 282 -1
875 692 -1
11 489 1
498 420 -1
998 322 -1
929 386 -1
861 253 -1
540 78 -1
615 382 -1
173 416 1
398 795 1
861 228 -1
651 457 1
263 275 -1
116 731 -1
629 163 1
974 233 1
295 135 1
669 52 1
602 833 1
326 422 -1
466 138 -1
762 149 1
814 982 1
216 776 1
1 186 1
326 874 -1
927 153 1
587 735 1
293 917 1
946 311 -1
230 832 1
433 535 -1
438 768 1
410 408 -1
498 825 -1
113 863 1
210 294 -1
284 817 1
577 134 -1
890 963 -1
463 546 -1
263 53 -1
455 276 1
194 728 -1
703 410 -1
929 509 -1
435 372 1
291 109 1
887 990 1
139 670 -1
418 384 -1
597 739 1
566 723 1
735 100 1
344 580 1
448 711 -1
600 235 -1
261 414 -1
505 543 1
71 482 1
969 331 -1
304 137 1
217 743 -1
544 316 1
543 418 1
944 502 -1
507 102 1
232 47 1
464 472 -1
440 646 1
13 416 1
334 726 1
902 395 -1
237 202 1
282 83 1
634 648 -1
27 333 1
361 807 1
648 623 1
445 227 -1
313 535 -1
825 185 1
70 314 -1
200 655 -1
593 226 -1
415 951 -1
999 151 1
456 958 -1
433 547 -1
193 954 -1
226 777 1
931 575 1
314 525 -1
62 83 -1
790 100 1
917 896 -1
91 264 -1
683 299 1
937 771 1
522 761 1
570 346 -1
230 444 1
738 116 -1
764 569 -1
108 303 1
626 352 -1
321 263 1
310 440 1
82 132 -1
153 818 -1
651 487 1
805 85 1
922 450 -1
778 912 1
43 306 -1
20 437 -1
303 393 1
857 679 1
617 766 1
505 974 -1
52 581 1
460 912 1
57 958 -1
851 466 -1
698 612 -1
906 319 1
154 672 -1
108 387 1
830 267 1
87 336 1
22 654 -1
680 889 -1
941 456 -1
271 709 -1
543 345 -1
820 633 1
277 365 1
358 282 1
489 302 -1
268 709 -1
371 99 -1
601 518 -1
384 939 -1
512 425 -1
514 64 -1
