2000000 2000000 50
687721 1073659
626448 1143286
638655 1041423
537668 546712
316468 1264426
281713 1233323
192518 1148580
293650 1278434
970675 1025085
544968 1284332
587272 1032428
168902 1115468
396516 1364096
276537 1239619
659129 1121735
268400 1085578
372815 932927
529743 1099387
640041 1151469
532032 1087402
203062 826068
505066 1264092
535414 1121564
819510 838150
588901 952999
365631 691247
567287 1154693
341245 936703
415921 750981
316852 791180
405138 841532
680359 1193765
370629 815003
418571 1028987
423734 1004144
355126 1128900
207698 1193314
435222 1295538
850928 1033192
648064 1078872
932514 1046740
843045 852317
600192 613758
401448 1318338
392662 1344272
371552 1142574
924119 997739
624775 671323
674282 1092236
625470 656240
