2000000000 2000000000 1000
843524751 947757591
746423316 1224650616
492577745 1372922051
678880840 692257200
824766062 1068538712
524231330 963466350
703740955 731878391
825864198 1160826890
409494989 1026124357
252896182 878770844
588851045 1222744163
351261143 792965815
529563689 775458773
474637976 1424031442
374177808 912230056
378111756 1057507590
281997948 1176299574
408268070 1027351276
545992395 1185229825
652955049 938172743
639011634 796607712
337980404 857193908
603843351 1056681317
362052161 712610495
379144422 1056474924
715300967 720318379
300163067 1134201581
62640100 969330560
289822164 1145797182
757016346 1215901358
506755900 982369544
653030966 815090184
661523875 1193320283
414366030 832474960
314632531 716572521
115855148 1011017422
437281447 1088908933
471031269 844894355
899393281 944137127
743125134 807847036
516110414 919508932
453213889 772431963
703131763 837312317
746883565 777689207
630675123 1037339507
565000316 713199712
459479636 1230949842
280741476 1080256384
544502047 891117299
568667817 866951529
710728364 1081328556
550328327 885291019
195424699 826952453
584485361 1236362601
588998141 688512261
707199229 1209997257
728679192 1217559052
404884926 1296461048
899920906 954155862
211020839 1143163077
652226653 960214443
228732322 1201703004
588122854 1325014380
267931148 1142960466
679300948 985330618
389413787 1242874093
818984944 971192526
830849466 1070350662
217957261 791665913
476747445 580443139
409320586 804188870
411674098 1023945248
228673866 825227812
65349197 1059645223
425658511 1078099229
548815760 886803586
293300947 894871739
497146005 1388050879
499161208 1339236688
737713002 765582700
675083579 760535767
428691304 723531314
396963120 1038656226
716111325 860369451
701823777 957824419
718666528 1212954866
327916743 1257708285
733148950 821148036
243043116 857886666
754141293 1065733701
265109036 1170510310
462470903 586178097
225383649 911685141
454483284 1030653552
464412714 1168589134
469294766 966324580
489389030 1345364048
251408194 880268672
230007281 970651303
391177569 1144792495
386255181 1235820209
887651343 898847245
577115182 858504164
565222112 1274080376
771115793 856535091
706580429 1114445823
896830473 985763945
925142081 1043657527
72425005 935885787
302601753 793261379
423184630 1019698308
202824839 1035807017
968505700 971400702
271371666 1219733028
702406852 733212494
493747652 1200267612
675906772 1117268206
506012183 1460124211
779676950 1078113584
529986641 905632705
571365548 675782294
394086710 941752578
591834995 843784351
692870460 742748886
248906992 1004250528
277740001 1157879345
252225825 1183393521
393313781 1042305565
602290155 1121181845
525829616 1312348950
616333206 1201762598
417571936 1178301710
466816652 968802694
626489608 948832238
387056899 1048562447
325693900 686289498
282459883 1157602075
416546914 1178100512
553391129 882228217
573634335 1310349731
953803580 1039629080
642061994 793557352
449509544 1349051976
360564087 1075055259
485965301 1083852699
659687678 1165505798
829933548 973660998
220695430 1120528106
638732042 710670228
486018648 651037212
314037133 1130852299
249075287 889837353
486626564 565163554
477750856 734584240
958850874 962487682
238500529 1197118817
766645316 897944394
559725275 1391337759
606902635 1264692585
182626225 990994303
680142731 876802849
362387962 1073231384
518166687 709916333
516839678 918779668
381348039 944933819
385953297 820862253
618494246 855974880
708793724 1262320204
416256556 1019362790
377389121 650679719
241147303 1098423409
353624379 789149337
494240333 1388184579
660103365 757868721
589822279 845797067
787596652 1126887676
519421524 1361720072
482389805 1041819303
668926995 766692351
423131573 638816595
737014830 1007620162
617033511 832308209
623654073 811965273
409047588 1190669436
870406974 913295652
326998749 1108620597
93072012 972678104
396763627 1162122065
476936382 965260198
415731389 1341584549
337564734 877697866
712386467 723232879
538421012 1439068384
896523767 1053261467
352693235 711468769
483036365 896185297
550539835 758629969
684248867 751370479
589907548 845711798
481836070 613188688
439730074 645699086
396093428 1105882630
326990429 1108628917
773366841 1158447753
236773441 791354783
496684528 1386776400
245063801 1190555545
280575733 1155043613
138577161 1020099441
700644463 759441433
459119787 577369845
508588156 1333686066
417024277 1018595069
513687910 842252950
415195423 1112387147
498390485 1458189527
861731924 958135220
361282037 977414481
418909510 1275828012
816759739 1157715445
600159318 849907878
285573048 876230060
915714774 984596672
398388900 616562668
363061002 1030275440
541919892 655160818
949995841 1035491281
273546458 1179651538
450105028 985514318
621789282 813830064
543628728 867188918
277054335 815335747
542449522 997077316
95616029 992825747
583527805 631042335
388182636 1047436710
303952908 1130896702
713837811 871433889
360698109 1070099145
521282633 774150841
637273978 695217322
642773674 1024454840
737710451 894663015
41574962 968578982
442898909 1227822871
477744704 607656642
481061312 1399276754
272633590 733190460
410420632 1025198714
564059308 1079487158
780084586 973163010
408575332 857627464
474980086 920621038
783614008 934780816
231855616 1203763730
491245379 1301052859
245033482 896952564
316806196 846556070
332054359 1328908265
149021152 1023981976
823703848 1079678636
903374997 985399567
849645673 1143822509
636945990 798673356
343777390 1286248752
730870443 1202917099
443647246 1186831440
667312301 768307045
389295217 658714689
495766629 661841723
393970351 1308073351
615614757 994077599
263457941 1253463583
646733351 823207571
388481460 1030700096
316861955 746861729
549055960 1311420060
703448635 755396247
695972294 739647052
602192276 693061820
459361686 987096808
401628037 1038503615
564565364 871053982
715770702 719848644
599706531 1307056019
506874592 537291560
314830951 718229469
447320090 988186890
398950491 1363736895
621767760 1268941316
227110896 964471998
374937027 985942259
481963372 953655974
553866459 577670477
513783568 921835778
534853257 900766089
488281833 947337513
373559021 1145500271
738723757 834434089
652554895 1331095765
428279462 1183406270
741843977 1163776441
610937005 824682341
142484299 974224965
659965059 909051983
733908721 872039739
561012167 874607179
849761341 989329587
309458956 1036502698
240471693 837519517
702087959 733531387
491447396 527063982
515125793 843962881
135710318 1015804080
499757709 1334929153
406814736 1289097236
945636063 1005347677
789799252 1094907690
633120390 802498956
336379253 1015775087
171922743 966278255
500407838 935211508
523323970 912295376
598540290 1073365076
593215028 762593594
447163279 673644977
756921034 873218466
692073291 743546055
365164941 746837493
299173930 1238100378
526511622 1439520774
439510168 1160779696
560804278 1026966438
560869178 1145919718
408098330 596409530
375595825 695439855
259518114 976507446
515349445 587590389
497267562 1268255392
375744712 853618804
331471612 1089576346
581991304 853628042
178702994 902715616
503604928 1386300984
686773576 1159314678
449882618 1281334294
154809224 867731454
90390236 1080793872
708132902 1260452898
302003551 1133615795
249201290 1073897978
643863811 860679049
422838693 699305913
786078909 858925831
364884634 970312696
302083835 1133535511
670435441 1017050693
311933572 1192072916
564328590 574981702
702451388 964121432
370690592 1261991016
424176268 1011443078
450683898 984935448
734209511 1119610109
625798751 748950239
426118808 600702958
682194212 753425134
163162694 1133829476
770620388 819671482
538263911 730304693
521544826 968441370
569401146 1187500264
605126737 1043464635
314662497 1095273419
363884135 879787847
402381147 648422307
322898033 977454365
826035738 1159073794
857889547 958884291
455471499 1400963243
707250256 901186510
516843929 830581587
676797388 758821958
677966848 757652498
402391756 1174854396
556672756 1214476616
728775441 1177529195
675061953 760557393
500153247 798436959
113402071 1103044275
818714110 917848480
392689203 1042930143
419861762 1083430166
727066737 733688213
657980910 970139500
208294375 820565525
280718882 1211439916
456941569 1325828281
403305074 1282553512
482872676 778651986
493432796 942186550
631342081 804277265
489845104 945774242
583099937 852519409
428312658 703916182
609380201 1095176777
330621474 853657048
713829652 1020318270
309400143 1126219203
413838300 1164484596
675929180 909783910
840146052 1157678838
672380354 1128309492
620926556 971535976
379544997 1056074349
548202448 1144947142
396455467 810049535
692672109 742947237
704809817 1206795859
559346594 876272752
955705456 959783398
482546290 881090182
602828735 957616191
461318292 950118420
553533721 1019540003
449065405 956039233
387948021 665954801
402202641 649068199
629548027 806071319
827392145 1111748277
644771524 1254648026
483234222 873513612
325568425 682829143
688445045 1176189229
923032798 928034052
708865789 840617359
671354498 1117798164
589488836 1174079836
291748766 818162846
339125818 677113644
419299911 650046961
430640367 981368229
664746188 731173354
211430846 992957510
450083505 985535841
41239613 1018194649
512990770 1010646540
637664764 1257977392
535010087 720633519
498640724 936978622
697138330 1192582450
335995408 1334161802
733911038 1213964294
236149189 920591399
343565506 780234558
462477166 1456373752
395418744 979070090
329879734 1105739612
721009091 867406331
641611066 846710084
923426621 1014198077
481786345 953833001
364757139 1189569673
251267721 1203166085
437135694 1126655676
489607480 1283630904
516534126 637059270
230638241 1204981105
575200826 860418520
707935994 862291662
691272250 744347096
388943637 611158719
425859403 1009759943
410933963 1338548295
523176600 1456363750
544319633 1361138693
859774656 979356420
851442080 882885508
427398854 708787836
428903014 743531886
664136690 1103424278
576721176 1077996790
571582065 790271473
221255789 1186595451
641799756 1049851966
258775649 1040414137
720321991 951460843
690323805 745295541
280324029 1118289511
698276601 737342745
267893335 1167726011
564798639 741321931
53505512 1043554076
522793337 594024259
244640001 1024437177
253080602 1182538744
118728997 905119329
453942112 981677234
506768250 1037774666
613856678 876951048
639333391 796285955
549878516 885740830
251738554 1183880792
259427282 1148018618
592540813 1303277075
293027159 1142592187
644661950 1128277556
232610712 941854882
472332702 838245534
606273571 1253611999
773878624 1062094392
90295822 1070877566
551480778 717837390
548930153 1431650317
182151983 997761439
456246623 949082519
685966257 1281755717
456441715 932549083
685752166 969336656
153682462 908881158
405046640 736295818
687561478 698407890
246993397 1188625949
603208014 1332774462
244242671 1191376675
527423748 654212724
440342847 990329801
161147481 1102603097
770030448 821503212
219267708 1129241980
653251447 824474349
408289015 756167231
196487211 972521709
624997957 810621389
634772126 800847220
796461550 1153827278
348621557 1214107195
668475250 1108866284
728631702 981165294
45974106 1023120324
273514005 1162105341
440770870 735742238
931393947 1015617971
323557144 1025900566
511027794 1120408938
744446299 1223849263
363145354 724957874
358608236 1308717992
451593546 911785560
898501175 1043543099
723254950 751392386
612736522 927547526
607081373 823484713
693348682 852378064
363436131 711529263
359339242 1029239120
540207622 1305886152
482414331 1447875325
943842035 944794025
322702279 714294933
608464969 827154377
215119544 892450046
765563687 793690597
294044287 1289491437
875538523 930628137
278391149 1157228197
485001659 1126694765
663988887 967643419
455435161 1073405921
563674528 1235852718
526969090 908650256
458966989 984983111
776891284 829966130
220486928 1215132418
493730010 1362980802
188276934 1181173578
408760114 1026859232
756878957 911089779
800236126 1125437028
315248227 931450003
587996021 847623325
179769722 920699948
343528424 1309782730
845982446 924882434
712109045 902104551
462518074 1384584154
652853704 782765642
508248419 927370927
231336789 1054603431
218726476 1216892870
686846186 748773160
339478557 1058419053
499729670 575449388
669449587 1288532793
712620344 1099178420
774339924 859792112
757029335 770328425
312393734 1300677540
574407813 1046100415
606802961 1056421975
296450694 942494256
574392593 861226753
291669872 1276978416
341002210 1094617136
359963476 802049058
649874332 724054124
519242923 1060043259
757487742 807170708
286989655 1251536769
426723980 1154200934
636597463 788092821
291079520 1144539826
295315729 708210003
552900320 1031592746
543870565 891748781
430987743 927250809
685817517 1044091519
244988859 1054443451
453333678 982285668
538687973 896931373
738856581 1003652761
687342133 755257071
789670089 1056029253
762743558 1043792802
223494766 1212124580
484722898 1474971718
490781469 1312365901
720315682 887809798
128440458 1014235210
864013995 925417283
364082187 1182852291
888878437 1058038651
548149819 888254873
538949012 896670334
669151180 1328405254
188353640 1008798382
585600025 620299327
788532232 960853622
565046136 1050779824
552618160 614545134
731249549 860272653
396734256 1268252238
515225548 633624590
445682640 779254194
930784397 997904609
416256161 660605015
698819581 1286086391
445101047 862172819
722080635 923623157
738590119 1001660557
587131619 1339352475
377876546 637503850
850269933 1019765803
499475147 936144199
445098550 990520796
534469025 980547269
681047750 1297677118
219110571 1096467649
340246269 1095373077
316532483 931310565
354459860 791399992
242997451 1105266391
528484639 747144159
454679195 808225593
617191475 1188200141
599947156 1095024632
35357168 1005098904
630069864 684386134
533792403 552778785
115772083 1062906087
395564029 1040055317
428277672 1312660282
532385493 738048403
546589458 1401562634
638227289 693199025
493971635 1484590779
444843442 1288415298
580352848 914391626
396700355 1038918991
597025019 1238075011
621770942 783498308
698758547 1034620861
391077510 1044541836
554521832 719778534
526973397 908645949
841798734 1022124986
592735596 1092403758
437201226 564735284
826818987 870493745
166726687 833854907
565340530 615615658
711160128 724459218
806938287 1078575025
897786747 989639057
581754105 809940157
455681763 1362127011
509692128 1076931012
355686963 993882209
415014743 1020604603
684235774 746364976
931321768 1011007418
771823021 1011063067
801924123 1004316799
345388185 686492615
462740749 1209748109
598717154 1056598840
364452917 1013444701
130911537 885924149
677034500 1202021620
539126809 896492537
94467199 1084255777
341473810 1094145536
332185664 1201137738
894857268 950149110
553076401 903823603
419993008 1300573654
830927264 864378028
759057276 796834066
494361401 941257945
446439004 575694308
434015101 1428660591
845303961 1101108211
592825758 1010814528
850796153 1085279805
613764606 821854740
249497576 1070096616
511012639 924606707
218862852 933354024
904245422 933135114
314446076 1121173270
305854644 1180322524
536073746 562205984
424199082 1120630608
61268638 939582918
478308798 1352600146
756765257 1089012775
594902425 1240103003
350101480 1279559622
942136315 992014741
399900107 788871513
222607855 1213011491
315811974 992341326
519110884 1100269082
586274454 849344892
329414467 955882195
482641039 1018093375
81969966 989378680
501388677 646765453
597026464 1271591320
282050682 1153568664
452934736 982684610
586262488 849356858
479755989 955863357
311917783 1213120397
511235207 924384139
261871222 856353944
140740795 1082373347
480002851 955616495
677417966 758201380
713322458 1143505796
684023227 1241570031
673139908 778845702
586478790 1406182802
315922660 894817860
573921842 972461352
260857521 774789629
473582843 1088505883
662914361 1082036869
318052219 1117567127
188287304 1019899548
134798498 1021423728
664956776 770662570
473647765 961971581
272763737 1162855609
331164465 1138652479
715478469 1044826647
814637659 977682047
465402738 1069950300
521805167 582557797
314498968 1121120378
554664163 617077451
579576063 856043283
150978631 1062688493
83182967 1062037017
455957930 1072742274
495358551 1204065563
200457923 976317801
572691502 1175797736
677553711 859875909
392800918 1103644340
440608315 1252452205
449575583 1421483697
461122062 1094519254
348003497 774555869
433133280 1002486066
498806088 1205532120
531408316 745153652
925321672 1070233608
177490410 930162136
397340642 755061964
568672504 1423795436
617369650 869270294
779661920 968471544
260758173 1174861173
922739267 945622039
710187862 1199467004
953874401 1038895777
629930463 1058467425
561904634 1118793972
139427611 1019637119
349451975 1086167371
423766805 1230388215
315212332 1001731018
363109155 1072510191
344536448 913889234
653298121 782321225
678359679 757259667
507573279 1467566121
552042883 1100640091
758296535 1010245891
745414869 1088292839
626599564 665665708
871149536 889122390
932640682 1064342466
290117806 1026255696
652133364 783485982
372893813 953476377
358251147 1332645005
263449513 1029978247
654415185 781204161
538421906 897197440
214580058 968326450
546756610 1092178856
138211253 1027258985
494770551 940848795
249602117 1035092685
400473511 640205125
542406888 1195871214
341631296 759838120
458704770 1157605656
296023745 1139595601
287468841 1184578991
557641615 827875523
462386149 973233197
808979113 1102645985
770639637 1136623119
349452916 955042776
715452142 871325300
533366674 1184261874
539743890 1346312574
348298885 1279466581
526578325 653632337
538209136 1292447264
519543963 1004079517
320631917 1114987429
581999647 620685515
600438623 974087899
394319010 1158799042
496766882 938852464
341817267 800872947
334545306 1101074040
334970408 1100648938
726608278 960678026
753836187 1089061363
289350422 1146268924
643713976 1107363812
610172324 825447022
473269894 1185532992
270299486 1209566476
518539918 917079428
265199546 847503680
537752860 1363757792
331578353 1104040993
239382693 1034427383
574504058 1363740224
439931156 976897180
388748940 900149894
504772742 848262326
325394653 1007943241
230406620 1048565118
467085852 1117326792
397428640 1038190706
661579382 706277240
751280601 1034411767
206436305 999607549
870770359 930006073
546064881 889554465
221071591 1057172463
582795433 938258643
479199843 1453542707
553211302 738321786
595782801 661353915
246573992 1189045354
660075368 1195484658
740190666 846033886
551540399 1349206635
551604730 980992838
547570575 846365979
133822583 1011076377
717250679 947159625
835918989 955370073
441046433 994572913
849387493 1052470753
648744164 786875182
560404171 875215175
610025719 720823709
421821107 1013798239
445875780 809679354
596137072 1202930766
608699953 857282931
184020758 1124390016
589956754 876790914
370552156 962916678
718212820 1093858884
510001860 862050682
228382648 1207236698
546488913 860083925
604568824 831050522
709018273 737969455
718082350 858210564
384245563 1051373783
306476355 898453487
800471029 881254443
427616779 1072108067
495191285 947672329
584447075 587544455
594376894 841242452
757052792 1073978950
824789309 843850051
507463261 1412864535
300977029 962482577
421085793 1093014081
606711555 1335333541
764551944 816178384
603477932 1345019498
321162897 688388053
344744866 720187362
208098217 1134249569
559043280 876576066
675738101 1160452067
520416901 1077508047
630923954 1165175504
694108127 1270221899
468983386 997935376
431003716 805064930
419765810 1298602858
720973960 1050405578
593079270 1027882940
482692582 614695544
484929704 1443547992
73273607 953291049
278259985 822956573
773193354 778210766
106102999 997470873
425094977 1010524369
534857215 948688753
438094924 997524422
499661894 1098878880
697822216 1193698534
452606101 795026301
494989197 940630149
468923837 562713413
510693878 1007723692
268038457 1167580889
506082855 1454347353
436477207 1002825027
680531593 1129784937
470528828 710538720
230176920 1109188114
324614507 1111004839
716790955 1227638003
367581442 725824842
493283607 942335739
659995256 1264481806
168532183 1103007039
369213811 1066405535
496957337 938662009
312204309 966274673
595923348 839695998
478523331 1308458573
703472055 1146824199
262878280 846778820
553433549 640543361
317755638 1216621072
383781388 944120914
403379434 1032239912
199883528 959257226
572587441 590712241
471349725 1278076919
172493754 979917058
681840580 753778766
698620037 765741649
643203023 905455757
354534334 1178311192
397744999 821551391
870667843 1043603027
212575986 1201205800
764059615 1170499315
467171866 968447480
514342017 542718319
